# area x,y,z ...
# 0 hub/paths, 1 forest, 2 cavern, 3 icy, 4 haunted
0 -52,69,21 -50,68,15 -50,66,9 -44,66,7 -40,66,11 -57,66,7 -41,66,3 -37,66,2
1 -19,67,26 -11,66,29 -5,66,30 1,66,27 4,67,23 8,67,17 10,67,11 12,68,6 11,68,-1
4 9,67,-5 7,67,-12 5,67,-19 1,67,-19 -6,67,-18 -12,67,-20 -18,67,-23 -24,67,-26
0 -38,67,-12 -41,66,-9 -41,66,-4 -47,67,-3 -47,67,3 -50,67,2 -59,66,2 -60,66,-4 -60,66,-10 -55,66,-9 -53,67,-3 -54,67,2 -62,66,12
2 -73,66,24 -80,65,31 -85,64,38 -87,61,47 -89,60,54 -91,59,61 -95,58,64 -102,56,70 -85,60,59 -78,59,59 -73,57,56 -75,56,50 -72,54,45 -67,52,43 -61,50,44 -60,48,50 -63,46,55 -65,44,50 -68,42,45 -73,41,41 -76,41,36 -80,41,29 -87,41,24 -96,41,23 -102,41,24 -102,41,30 -103,41,37 -105,41,44 -107,41,52 -104,41,58 -98,41,63 -91,40,68 -84,40,69 -76,40,66 -71,41,62 -70,41,54 -71,41,49 -104,41,20 -110,43,19 -116,44,18 -123,46,16 -129,48,16 -134,50,18 -138,52,22 -140,54,28 -139,56,34 -137,58,39 -134,61,46 -130,61,51 -127,61,58 -122,61,53 -119,61,47 -112,61,43 -107,61,37 -100,63,36 -94,64,37 -90,64,39 -113,61,38 -119,61,38 -122,59,35 -125,44,34 -122,44,30 -117,44,25 -114,44,30 -107,42,31 -126,43,41 -122,41,50 -115,41,47 -110,41,46 -125,41,56 -124,40,63 -122,40,70 -118,40,76 -111,40,80 -103,40,78 -96,40,75 -92,40,72 -90,42,77 -91,45,84 -95,48,90 -101,50,91 -107,52,90 -109,54,85 -110,55,81 -110,55,74 -116,55,77 -123,55,77 -128,56,74 -131,58,69 -130,60,63 -131,55,82 -110,63,31 -108,64,26 -107,64,18 -107,64,9 -108,66,3 -111,67,-4 -114,68,-9 -115,69,-17
3 -113,70,-24 -110,71,-29 -106,72,-33 -102,73,-38 -96,73,-43 -90,73,-46 -87,71,-42 -84,70,-38 -79,68,-35 -76,67,-30 -74,66,-24
1 -12,66,35 -16,67,45 -21,67,53 7,66,30 12,67,35 20,68,41 24,68,47 23,68,55 19,69,58 11,68,62 3,68,62 7,68,57 2,66,52 1,64,47 8,62,47 14,60,47 19,58,46 25,57,45 30,57,42 28,59,36 25,61,32 21,63,27 17,65,26 13,66,27 20,57,41 18,55,35 14,53,32 10,52,29 5,51,34 2,51,38 1,50,42 2,48,48 5,48,53 7,49,57 10,50,58 16,52,59 21,52,56 26,53,54 24,56,50 23,68,63 24,74,66 22,77,70 21,88,71 21,100,71 20,108,71 19,112,77 22,111,81 19,111,87 15,110,84 14,111,80 12,110,75 7,107,69 0,103,67 -6,100,65 -11,100,64 -15,101,62 -18,104,62 -21,106,60 -24,108,56 -27,109,54 -30,109,52 -34,110,52 -38,111,52 -42,112,53 -44,112,57 -41,111,63 -37,111,63 -33,112,64 -27,113,64 -23,115,63 -22,118,61 -23,121,58 -26,125,59 -30,126,59 -38,124,59 -42,122,58 -43,119,58 -52,92,54 -57,93,52
2 -63,96,51 -68,97,48 -70,93,47 -73,87,46 -81,86,48 -83,78,49 -88,72,47 -91,72,44 -95,75,38 -96,82,36 -103,82,35 -109,82,32 -113,82,27 -115,82,20 -115,85,17 -114,89,16 -117,91,13 -119,94,20 -123,95,26 -130,96,28 -138,95,29 -140,96,32 -141,100,30 -137,102,27 -140,103,26 -141,105,24 -141,108,21 -137,109,20 -133,109,14 -127,109,16 -130,109,20 -124,107,21 -121,105,17 -116,105,18 -111,108,21 -105,107,21 -100,106,18 -110,92,13 -105,94,15 -98,95,17 -93,94,23 -97,95,27 -101,95,25 -104,95,21 -99,96,22 -121,95,13 -127,95,8 -134,95,7 -141,95,11 -144,96,17 -142,95,25 -136,108,25 -132,108,25 -96,107,17 -93,110,14 -90,110,16 -87,108,13 -88,92,10 -92,92,11 -87,89,6
3 -87,78,2 -86,75,0 -84,66,-6 -84,66,-13 -84,68,-20 -80,67,-27 -71,67,-30 -69,67,-34 -83,75,-52 -78,73,-57 -74,73,-60 -72,74,-65 -73,75,-70 -75,75,-75 -73,74,-81 -74,75,-87 -77,77,-94 -75,78,-98 -80,77,-101 -85,77,-106 -91,78,-107 -96,78,-106 -101,78,-106 -107,79,-107 -112,79,-108 -118,80,-106 -122,81,-101 -123,82,-95 -119,81,-87 -125,82,-89 -120,81,-82 -121,81,-73 -118,81,-66 -112,81,-68 -104,80,-72 -100,80,-76 -101,80,-85 -108,80,-88 -106,80,-81 -111,81,-76 -99,80,-67 -98,79,-60 -96,77,-53 -92,75,-49 -103,79,-58 -108,79,-54 -108,80,-48 -105,81,-44 -99,82,-40 -100,80,-45 -96,74,-47 -69,67,-39 -68,67,-43 -98,83,-35 -98,84,-30 -97,85,-26 -97,87,-20 -100,88,-16 -105,89,-17 -102,89,-10 -106,89,-6 -110,89,0 -114,89,6
2 -115,89,11 -98,92,8
3 -101,92,3 -106,90,0
2 -105,92,8 -110,91,8
3 -71,53,-43 -72,43,-44 -78,44,-48 -87,42,-51 -95,45,-48 -103,48,-48 -102,48,-54 -99,48,-57 -96,47,-57 -83,47,-40 -88,48,-29 -84,49,-23 -69,36,-41 -76,36,-45 -83,34,-40 -86,36,-34 -80,41,-30 -76,40,-31 -75,49,-53 -71,51,-63 -76,52,-68 -82,52,-71 -60,67,-34
0 -64,67,-7 -63,73,-10 -60,77,-12 -54,75,-11 -51,77,-8 -51,80,-3 -45,77,-6 -43,78,-1 -44,77,5 -50,78,7 -57,77,4 -57,78,-2 -55,77,-6 -50,82,0
4 -26,67,-33 -31,67,-40 -40,67,-44 -49,67,-47 -52,67,-55
0 -51,69,-62
3 -51,71,-69 -52,73,-75 -59,74,-79 -67,74,-81
4 -34,67,-49 -34,67,-57 -33,69,-62 -32,70,-69 -32,70,-75 -31,71,-80 -25,71,-88 -18,71,-92 -10,70,-91 -5,70,-96 2,70,-100 8,70,-94 2,70,-89 14,70,-92 19,70,-88 22,71,-81 24,71,-72 26,70,-65 26,70,-56 22,70,-51 20,70,-44 26,70,-38 34,70,-40 16,70,-41 13,69,-35 4,70,-37 -4,70,-39 -9,70,-36 -13,70,-33 -18,68,-28 -16,70,-39 -20,70,-43 -29,68,-45 17,69,-29 23,69,-23 29,69,-18 32,69,-23 40,69,-23 47,69,-24 49,69,-21 48,55,-17 42,53,-25 36,51,-25 32,50,-22 33,50,-14 27,51,-22 22,52,-25 15,51,-26 8,49,-27 2,47,-27 37,50,-16 38,63,-16 44,69,-16 40,64,-14 37,69,-16 40,69,-13 41,69,-18 18,69,-20 11,67,-19 2,68,-26 0,69,-29 -3,70,-33 -4,70,-46 -8,70,-52 -9,70,-57 -14,70,-54 -3,70,-57 1,70,-54 6,70,-54 10,70,-56 11,70,-62 9,70,-67 9,70,-72 9,70,-75 5,70,-76 1,70,-81 -5,70,-81 -11,70,-80 -13,70,-75 -11,70,-70 -6,70,-70 -1,70,-69 3,70,-71 3,70,-66 3,70,-61 0,69,-64 7,70,-64 -4,67,-64 -9,70,-64 -13,70,-64 -11,70,-61 -11,70,-67 -17,70,-64 -20,70,-64 -20,70,-59 -18,70,-56 -20,70,-69 -18,70,-74 -18,70,-77 -4,64,-59 -4,62,-55 -2,62,-51 3,62,-51 8,62,-52 11,62,-56 15,62,-54 19,62,-57 20,61,-62 17,63,-63 17,65,-65 19,67,-65 19,70,-62 18,71,-58 15,72,-59 -9,61,-50 -4,73,-63 -12,78,-64 5,78,-64 7,78,-68 9,78,-73 10,78,-79 10,78,-67 12,78,-64 17,78,-67 17,78,-63 10,78,-60 12,78,-56 13,78,-50 6,78,-58 5,78,-53 2,78,-69 1,78,-74 0,78,-79 -2,78,-83 -8,78,-83 -1,78,-68 -7,78,-68 -12,78,-69 -12,78,-74 -13,78,-78 -20,78,-78 -22,78,-81 -13,78,-83 -16,78,-68 -21,78,-68 -21,78,-64 -19,78,-59 -21,78,-54 -21,78,-50 -15,78,-57 -14,78,-53 -13,78,-61 -8,80,-75 -8,86,-73 -10,86,-67 -11,86,-62 -6,86,-60 -4,86,-56 -4,86,-49 -2,86,-61 2,86,-65 1,86,-71 -4,86,-71 4,86,-74 -31,72,-60 -31,74,-57 -31,75,-54 -32,76,-51 -37,78,-51 -39,80,-58 -41,82,-63 -39,85,-63 -34,87,-67 -34,87,-75 -29,85,-64 -27,89,-65 -26,93,-67 -19,95,-68 -14,95,-60 -7,95,-57 -4,96,-52 -4,96,-46 -4,96,-42 -2,95,-58 3,95,-62 11,95,-62 14,95,-66 7,95,-70 2,95,-74 -5,95,-78 -11,95,-76 -14,95,-71 -11,95,-68 -6,95,-66 -1,95,-66 -8,83,-34 -10,83,-29 -7,81,-26 -4,82,-24 -3,81,-21 -3,80,-16 -11,80,-13 -15,79,-10 -2,81,-13 2,83,-11 5,85,-8 12,86,-5
1 7,84,0
4 4,84,-4 15,86,-8 19,86,-12 22,85,-7 20,86,-2
1 16,86,2 13,88,5 10,90,10
4 26,85,-4 30,83,-4
1 28,80,-1 21,81,1 14,82,0 9,83,3 5,82,8 1,82,10 -5,78,11 -4,80,17 0,78,17 -9,78,7 -14,77,9 -16,77,13 -16,74,17 -19,67,20 27,80,6 32,79,2
4 36,75,1
1 31,74,6
4 41,74,0 46,73,-2 49,73,-4 51,56,-5 48,56,-4
1 -18,67,58 -14,67,62 -8,67,66 0,68,64 -27,68,56 -35,68,58
2 -43,66,59 -50,64,60 -56,62,59 -62,60,58 -68,58,57
1 28,81,68 30,82,62 25,79,58 22,77,55 18,78,53 16,79,49 17,80,45 13,81,41 9,85,39 7,88,44 2,89,44 -2,90,44 7,89,46 12,90,45 13,89,52 17,88,55 23,90,60 26,89,61 23,89,68 20,89,63 16,88,59 15,82,64 16,81,71 14,81,76 9,83,76 3,83,77 -6,86,76 -10,84,77 -13,87,82 -11,85,72 -16,83,68 -18,85,65 -21,86,60 -24,83,52 -26,81,47 -26,80,42 -19,80,42 -13,78,45 -7,77,48 -1,77,52 3,77,57 7,77,56 13,79,55 0,76,47 2,75,41 1,71,34 -3,69,34 -8,67,37 -25,80,35 -25,87,35 -25,92,35 -27,96,34 -32,96,36 -28,96,29 -23,97,29 -18,98,25 -16,99,21 -15,99,15 -11,100,13 -7,96,10 -3,90,7 -2,90,1
4 -7,91,-4 -11,92,-11 -6,90,-14 -3,90,-9
1 3,89,-2 5,90,9 14,89,13 17,85,19 17,86,26 23,87,27 27,89,32 30,88,37 34,86,41 37,88,45 38,91,48 41,93,52 40,91,59 33,90,63 45,91,56 34,81,44 32,81,49 35,80,55 31,81,57 29,78,45 26,77,42 23,77,36 19,75,35 38,77,40 35,75,28 34,73,24 31,70,20 30,73,15 29,77,13 5,80,13 7,81,18 11,82,21 13,84,24 -23,67,30 -24,71,35 -24,77,35 -35,92,40 -38,89,44 -42,91,45 -45,90,48 -48,91,50 -57,92,57 -61,95,61
2 -64,94,68 -66,95,59 -68,99,54 -59,98,71 -56,99,76 -58,97,80 -65,97,84 -70,95,88 -76,95,91 -80,94,89 -82,87,86 -77,87,82 -73,87,78 -68,87,72 -64,87,74 -70,87,83 -71,87,87 -74,87,91 -84,86,90 -88,83,94 -93,80,96 -98,78,95 -100,78,92 -105,75,90 -107,72,88 -110,68,86 -115,71,84 -120,70,82 -128,69,83 -132,69,88 -136,72,88 -139,75,84 -142,78,87 -135,75,79 -134,74,73 -134,72,67 -136,75,63 -137,78,61 -140,82,60 -143,84,60 -150,83,60 -154,83,56 -156,84,51 -161,84,47 -162,84,43 -158,84,37 -152,86,38 -147,89,39 -141,90,37 -135,93,33 -109,93,18 -106,92,27 -105,88,33 -111,82,36 -112,82,44 -111,82,52 -108,82,55 -110,85,58 -110,87,61 -111,88,67 -115,89,70 -119,88,73 -126,87,75 -131,88,75 -136,87,75 -137,90,70 -143,91,69 -147,89,68 -148,86,64 -141,90,65 -139,88,61 -135,91,59 -130,91,58 -124,89,55 -121,88,52 -119,87,55 -115,86,55 -112,85,56 -116,82,40 -121,83,38 -125,82,36 -129,82,34 -104,85,49 -103,84,42 -108,82,40 -87,60,64 -83,61,65 -79,61,65 -78,58,62 -79,66,66 -77,72,67 -75,72,71 -73,70,77 -74,68,85 -77,67,89 -77,76,67 -76,82,67 -73,86,70 -82,67,89 -85,67,85 -86,68,78 -91,67,83 -91,67,88 -92,67,75 -97,67,86 -73,66,34
1 -30,79,44 -36,78,44 -40,77,44 -44,80,47 -45,80,54 -46,80,58 -46,84,61 -41,87,62 -37,82,67 -35,80,71 -29,78,77 -35,77,74 -38,69,76 -43,69,83 -50,68,88 -54,66,88 -57,63,93 -61,63,98 -68,60,102 -74,60,103 -81,62,102
2 -77,66,23 -74,65,15 -77,65,12 -76,58,11 -73,57,15 -166,84,45 -172,84,47 -178,81,50 -181,81,55 -179,78,63 -175,79,67 -168,77,70 -163,74,70 -159,73,73 -156,69,74 -152,71,76 -151,74,81 -148,76,84 -147,80,88 -148,81,93 -146,81,98 -141,83,96 -138,81,93 -138,76,89 -132,70,70 -125,40,74 -133,39,79 -137,39,85 -139,39,80 -138,39,75 -133,42,48 -78,90,72 -83,91,71 -88,89,73 -95,90,74 -101,89,80 -103,86,84 -106,78,97 -108,78,100 -109,81,99 -109,83,93 -114,85,89 -122,85,87 -130,84,91 -132,82,94 -132,80,98 -136,79,96 -143,85,92 -140,85,87 -143,87,82 -147,89,78 -150,87,72 -130,92,5 -128,89,4
3 -125,88,-1 -121,90,-2 -116,92,-3 -116,95,-8 -117,98,-12 -114,101,-15 -112,104,-20 -112,105,-26 -111,108,-31 -116,111,-28 -120,115,-27 -124,116,-32 -126,115,-39 -130,114,-43 -132,109,-49 -131,104,-56 -128,104,-60 -127,104,-64 -125,107,-67 -122,110,-71 -116,109,-73 -111,109,-74 -106,109,-72 -102,104,-75 -96,100,-75 -93,96,-73 -89,93,-70 -84,87,-67 -98,101,-68 -102,101,-67 -109,100,-66 -114,98,-66 -119,96,-63 -121,95,-56 -123,95,-50 -124,95,-42 -122,93,-34 -116,91,-26 -111,90,-21 -93,102,-82 -97,100,-87 -100,100,-91 -107,102,-92 -108,105,-89 -111,107,-85 -115,109,-82 -115,109,-78 -120,106,-80 -126,106,-79
1 18,108,68 14,110,69 20,106,65 22,108,63 25,110,60 21,111,57 17,113,57 14,113,59 11,114,59 9,116,54 11,117,51 15,117,46 13,114,40 10,116,37 9,116,32 9,113,27 10,113,20 10,112,17 5,114,25 -1,114,24 -4,113,18 -2,109,15 3,106,17 -9,109,17 -12,109,21 -17,108,21 3,117,55 0,119,52 1,121,47 0,121,43 -4,118,43 -8,120,46 -5,120,51 -12,117,45 -14,117,48 -18,117,55 -19,118,49 -18,117,44 -19,116,40 -24,116,40 -26,116,45 -23,116,45 -24,111,51 -22,113,47 -9,118,40 0,120,39 5,118,36 4,109,29 3,108,35 4,105,41 3,102,45
2 -88,71,39 -89,62,43 -137,62,53 -142,63,51 -139,62,49 -148,62,51 -157,61,52 -160,61,57 -165,61,59 -163,61,64 -158,61,60 -160,61,48 -166,61,49 -166,61,54
3 -123,92,-28 -126,87,-30 -122,80,-34 -122,79,-41 -128,79,-42 -131,79,-46 -135,79,-51 -132,79,-57 -125,79,-55 -122,79,-50 -122,79,-45 -119,109,-21 -117,106,-18
2 -102,93,11
3 -90,91,3 -91,93,-2 -97,93,-5 -102,91,-4
4 -28,86,-75 -25,85,-79 -25,85,-84 -27,85,-90 -29,84,-94 -34,82,-99 -30,82,-104 -25,84,-102 -21,86,-97 -20,86,-93 -13,87,-92 -7,85,-87 0,85,-87 5,85,-87 9,86,-86 14,85,-84 17,85,-84 23,84,-83 26,86,-78 21,85,-76 17,85,-78 21,85,-71 21,85,-62 21,85,-56 17,87,-55 15,88,-49 15,91,-57 -8,91,-84 -7,95,-83 14,96,-60 18,84,-47 22,82,-46 25,82,-44 24,81,-39 27,78,-34 20,80,-35 18,79,-32 22,78,-31 18,77,-33 27,79,-30 31,78,-29 35,78,-26 40,78,-24 42,78,-19 44,79,-12 42,79,-3
2 -154,82,66 -159,79,69 -125,90,39 -101,83,59 -95,83,55 -95,84,49 -94,83,43 -97,85,41 -121,89,48 -122,90,44 -129,90,37 -134,91,37 -84,91,15 -85,92,20
1 -7,109,14 -14,110,17
2 -113,52,16 -115,53,12 -122,54,11 -127,56,12 -131,56,15 -123,61,10 -122,61,14 -118,61,11 -127,61,12 -128,56,20 -128,46,23 -127,44,27 -112,64,22 -118,64,22 -124,64,22 -128,64,22 -134,64,22 -140,64,22 -142,64,25 -140,64,28 -134,64,28 -130,64,28 -126,64,28 -122,64,28 -118,64,28 -114,64,28 -90,88,90 -93,89,89 -98,89,86
0 -50,69,22
3 -115,69,-19
0 -115,69,-18
2 -39,67,58
1 -21,67,47 -22,67,43 -24,67,35 -35,88,44
2 -60,94,51
1 -49,89,67
2 -53,98,71
1 -52,90,63 -55,90,59 -48,88,62 -45,87,65 -38,88,59 -34,85,56 -29,83,53 -28,81,54 -13,73,42 1,70,30 22,81,17 23,83,14 23,83,12 22,79,8 22,80,4 24,81,6 27,77,10 24,78,9 24,79,18 27,76,18
4 13,86,-3 8,85,-2 11,86,-2
1 14,85,2 15,81,-4
4 15,81,-8 14,80,-12 9,78,-14 5,79,-14 4,80,-16 0,80,-16 9,73,-17 16,77,-15 18,82,-14 17,81,-10 18,82,-12 17,83,-15 21,86,-13 23,88,-17 25,86,-19 50,72,-5
1 30,70,12 32,69,14 32,72,17 28,76,15
4 47,56,-7
0 -1,62,9
4 -51,68,-59
3 -51,70,-66
4 -26,90,-61 -28,90,-56 -32,89,-52 -34,90,-49 -38,87,-44 -44,87,-42 -45,85,-48 -41,85,-52 -38,87,-51 -34,88,-53 -40,86,-47
3 -49,89,-49 -53,91,-53 -57,91,-57 -57,87,-63 -58,84,-67 -58,86,-71 -58,84,-76 -57,85,-80 -54,89,-83 -51,92,-80 -50,96,-74 -47,100,-70 -48,99,-63 -50,94,-56
4 -47,97,-56 -44,98,-62 -44,99,-69 -43,97,-75 -40,97,-54 -40,98,-59 -37,98,-61 -38,97,-72 -38,96,-77 -35,93,-82 -41,94,-85 -38,93,-90 -35,92,-92 -33,92,-88 -29,91,-87 -31,90,-93 -31,92,-81 26,83,-73 30,82,-67 35,81,-62 23,84,-54 23,81,-52 21,80,-49 24,81,-47 26,82,-49 27,82,-23 44,79,-30 40,79,-33 36,78,-31 48,80,-12 52,81,-14 55,79,-16 52,81,-10 54,77,-9
3 -66,71,-79 -62,71,-77
4 -17,70,-59 -23,70,-69 -22,71,-72 -23,72,-75 10,70,-78 -4,71,-76 -6,72,-79 -4,72,-85 -23,81,-54 -23,80,-57 -25,80,-56 19,81,-72 17,79,-70 16,81,-75 17,81,-73 15,81,-56 14,78,-56 15,80,-53 17,80,-52 6,86,-63
2 -67,46,56 -70,41,58
4 28,70,-55 -20,70,-80 19,69,-24 13,70,-88 -29,71,-84 -28,71,-81
0 -38,66,2
1 -33,62,11 -33,63,11 -33,64,11 -33,65,11 -33,66,11 -33,67,11 -33,68,11 -33,62,12 -33,63,12 -33,64,12 -33,65,12 -33,66,12 -33,67,12 -33,68,12 -34,62,12 -34,63,12 -34,64,12 -34,65,12 -34,66,12 -34,67,12 -34,68,12 -34,62,13 -34,63,13 -34,64,13 -34,65,13 -34,66,13 -34,67,13 -34,68,13 -35,62,13 -35,63,13 -35,64,13 -35,65,13 -35,66,13 -35,67,13 -35,68,13 -35,62,14 -35,63,14 -35,64,14 -35,65,14 -35,66,14 -35,67,14 -35,68,14 -36,62,14 -36,63,14 -36,64,14 -36,65,14 -36,66,14 -36,67,14 -36,68,14 -36,62,15 -36,63,15 -36,64,15 -36,65,15 -36,66,15 -36,67,15 -36,68,15 -37,62,15 -37,63,15 -37,64,15 -37,65,15 -37,66,15 -37,67,15 -37,68,15 -37,62,16 -37,63,16 -37,64,16 -37,65,16 -37,66,16 -37,67,16 -37,68,16 -38,62,16 -38,63,16 -38,64,16 -38,65,16 -38,66,16 -38,67,16 -38,68,16 -38,62,17 -38,63,17 -38,64,17 -38,65,17 -38,66,17 -38,67,17 -38,68,17 -39,62,17 -39,63,17 -39,64,17 -39,65,17 -39,66,17 -39,67,17 -39,68,17 -33,69,12 -33,63,13 -33,64,13 -33,65,13 -33,66,13 -33,67,13 -33,68,13 -33,69,13 -34,69,13 -34,63,14 -34,64,14 -34,65,14 -34,66,14 -34,67,14 -34,68,14 -34,69,14 -35,69,14 -35,63,15 -35,64,15 -35,65,15 -35,66,15 -35,67,15 -35,68,15 -35,69,15 -36,69,15 -36,63,16 -36,64,16 -36,65,16 -36,66,16 -36,67,16 -36,68,16 -36,69,16 -37,69,16 -37,63,17 -37,64,17 -37,65,17 -37,66,17 -37,67,17 -37,68,17 -37,69,17 -38,69,17 -38,63,18 -38,64,18 -38,65,18 -38,66,18 -38,67,18 -38,68,18 -38,69,18 -39,63,18 -39,64,18 -39,65,18 -39,66,18 -39,67,18 -39,68,18 -39,69,18 -32,63,12 -32,64,12 -32,65,12 -32,66,12 -32,67,12 -32,68,12 -32,69,12 -32,63,13 -32,64,13 -32,65,13 -32,66,13 -32,67,13 -32,68,13 -32,69,13 -33,63,14 -33,64,14 -33,65,14 -33,66,14 -33,67,14 -33,68,14 -33,69,14 -34,63,15 -34,64,15 -34,65,15 -34,66,15 -34,67,15 -34,68,15 -34,69,15 -35,63,16 -35,64,16 -35,65,16 -35,66,16 -35,67,16 -35,68,16 -35,69,16 -36,63,17 -36,64,17 -36,65,17 -36,66,17 -36,67,17 -36,68,17 -36,69,17 -37,63,18 -37,64,18 -37,65,18 -37,66,18 -37,67,18 -37,68,18 -37,69,18 -32,63,14 -32,64,14 -32,65,14 -32,66,14 -32,67,14 -32,68,14 -32,69,14 -33,63,15 -33,64,15 -33,65,15 -33,66,15 -33,67,15 -33,68,15 -33,69,15 -34,63,16 -34,64,16 -34,65,16 -34,66,16 -34,67,16 -34,68,16 -34,69,16 -35,63,17 -35,64,17 -35,65,17 -35,66,17 -35,67,17 -35,68,17 -35,69,17 -36,63,18 -36,64,18 -36,65,18 -36,66,18 -36,67,18 -36,68,18 -36,69,18 -37,63,19 -37,64,19 -37,65,19 -37,66,19 -37,67,19 -37,68,19 -37,69,19 -38,63,19 -38,64,19 -38,65,19 -38,66,19 -38,67,19 -38,68,19 -38,69,19 -31,63,13 -31,64,13 -31,65,13 -31,66,13 -31,67,13 -31,68,13 -31,69,13 -31,63,14 -31,64,14 -31,65,14 -31,66,14 -31,67,14 -31,68,14 -31,69,14 -32,63,15 -32,64,15 -32,65,15 -32,66,15 -32,67,15 -32,68,15 -32,69,15 -33,63,16 -33,64,16 -33,65,16 -33,66,16 -33,67,16 -33,68,16 -33,69,16 -34,63,17 -34,64,17 -34,65,17 -34,66,17 -34,67,17 -34,68,17 -34,69,17 -35,63,18 -35,64,18 -35,65,18 -35,66,18 -35,67,18 -35,68,18 -35,69,18 -36,63,19 -36,64,19 -36,65,19 -36,66,19 -36,67,19 -36,68,19 -36,69,19 -31,63,15 -31,64,15 -31,65,15 -31,66,15 -31,67,15 -31,68,15 -31,69,15 -32,63,16 -32,64,16 -32,65,16 -32,66,16 -32,67,16 -32,68,16 -32,69,16 -33,63,17 -33,64,17 -33,65,17 -33,66,17 -33,67,17 -33,68,17 -33,69,17 -34,63,18 -34,64,18 -34,65,18 -34,66,18 -34,67,18 -34,68,18 -34,69,18 -35,63,19 -35,64,19 -35,65,19 -35,66,19 -35,67,19 -35,68,19 -35,69,19 -36,63,20 -36,64,20 -36,65,20 -36,66,20 -36,67,20 -36,68,20 -36,69,20 -37,63,20 -37,64,20 -37,65,20 -37,66,20 -37,67,20 -37,68,20 -37,69,20 -30,63,14 -30,64,14 -30,65,14 -30,66,14 -30,67,14 -30,68,14 -30,69,14 -30,63,15 -30,64,15 -30,65,15 -30,66,15 -30,67,15 -30,68,15 -30,69,15 -31,63,16 -31,64,16 -31,65,16 -31,66,16 -31,67,16 -31,68,16 -31,69,16 -32,63,17 -32,64,17 -32,65,17 -32,66,17 -32,67,17 -32,68,17 -32,69,17 -33,63,18 -33,64,18 -33,65,18 -33,66,18 -33,67,18 -33,68,18 -33,69,18 -34,63,19 -34,64,19 -34,65,19 -34,66,19 -34,67,19 -34,68,19 -34,69,19 -35,63,20 -35,64,20 -35,65,20 -35,66,20 -35,67,20 -35,68,20 -35,69,20 -30,63,16 -30,64,16 -30,65,16 -30,66,16 -30,67,16 -30,68,16 -30,69,16 -31,63,17 -31,64,17 -31,65,17 -31,66,17 -31,67,17 -31,68,17 -31,69,17 -32,63,18 -32,64,18 -32,65,18 -32,66,18 -32,67,18 -32,68,18 -32,69,18 -33,63,19 -33,64,19 -33,65,19 -33,66,19 -33,67,19 -33,68,19 -33,69,19 -34,63,20 -34,64,20 -34,65,20 -34,66,20 -34,67,20 -34,68,20 -34,69,20 -35,63,21 -35,64,21 -35,65,21 -35,66,21 -35,67,21 -35,68,21 -35,69,21 -36,63,21 -36,64,21 -36,65,21 -36,66,21 -36,67,21 -36,68,21 -36,69,21 -29,63,15 -29,64,15 -29,65,15 -29,66,15 -29,67,15 -29,68,15 -29,69,15 -29,63,16 -29,64,16 -29,65,16 -29,66,16 -29,67,16 -29,68,16 -29,69,16 -30,63,17 -30,64,17 -30,65,17 -30,66,17 -30,67,17 -30,68,17 -30,69,17 -31,63,18 -31,64,18 -31,65,18 -31,66,18 -31,67,18 -31,68,18 -31,69,18 -32,63,19 -32,64,19 -32,65,19 -32,66,19 -32,67,19 -32,68,19 -32,69,19 -33,63,20 -33,64,20 -33,65,20 -33,66,20 -33,67,20 -33,68,20 -33,69,20 -34,63,21 -34,64,21 -34,65,21 -34,66,21 -34,67,21 -34,68,21 -34,69,21 -29,63,17 -29,64,17 -29,65,17 -29,66,17 -29,67,17 -29,68,17 -29,69,17 -30,63,18 -30,64,18 -30,65,18 -30,66,18 -30,67,18 -30,68,18 -30,69,18 -31,63,19 -31,64,19 -31,65,19 -31,66,19 -31,67,19 -31,68,19 -31,69,19 -32,63,20 -32,64,20 -32,65,20 -32,66,20 -32,67,20 -32,68,20 -32,69,20 -33,63,21 -33,64,21 -33,65,21 -33,66,21 -33,67,21 -33,68,21 -33,69,21 -34,63,22 -34,64,22 -34,65,22 -34,66,22 -34,67,22 -34,68,22 -34,69,22 -35,63,22 -35,64,22 -35,65,22 -35,66,22 -35,67,22 -35,68,22 -35,69,22 -28,63,16 -28,64,16 -28,65,16 -28,66,16 -28,67,16 -28,68,16 -28,69,16 -28,63,17 -28,64,17 -28,65,17 -28,66,17 -28,67,17 -28,68,17 -28,69,17 -29,63,18 -29,64,18 -29,65,18 -29,66,18 -29,67,18 -29,68,18 -29,69,18 -30,63,19 -30,64,19 -30,65,19 -30,66,19 -30,67,19 -30,68,19 -30,69,19 -31,63,20 -31,64,20 -31,65,20 -31,66,20 -31,67,20 -31,68,20 -31,69,20 -32,63,21 -32,64,21 -32,65,21 -32,66,21 -32,67,21 -32,68,21 -32,69,21 -33,63,22 -33,64,22 -33,65,22 -33,66,22 -33,67,22 -33,68,22 -33,69,22 -28,63,18 -28,64,18 -28,65,18 -28,66,18 -28,67,18 -28,68,18 -28,69,18 -29,63,19 -29,64,19 -29,65,19 -29,66,19 -29,67,19 -29,68,19 -29,69,19 -30,63,20 -30,64,20 -30,65,20 -30,66,20 -30,67,20 -30,68,20 -30,69,20 -31,63,21 -31,64,21 -31,65,21 -31,66,21 -31,67,21 -31,68,21 -31,69,21 -32,63,22 -32,64,22 -32,65,22 -32,66,22 -32,67,22 -32,68,22 -32,69,22 -33,63,23 -33,64,23 -33,65,23 -33,66,23 -33,67,23 -33,68,23 -33,69,23 -34,63,23 -34,64,23 -34,65,23 -34,66,23 -34,67,23 -34,68,23 -34,69,23 -27,63,17 -27,64,17 -27,65,17 -27,66,17 -27,67,17 -27,68,17 -27,69,17 -27,63,18 -27,64,18 -27,65,18 -27,66,18 -27,67,18 -27,68,18 -27,69,18 -28,63,19 -28,64,19 -28,65,19 -28,66,19 -28,67,19 -28,68,19 -28,69,19 -29,63,20 -29,64,20 -29,65,20 -29,66,20 -29,67,20 -29,68,20 -29,69,20 -30,63,21 -30,64,21 -30,65,21 -30,66,21 -30,67,21 -30,68,21 -30,69,21 -31,63,22 -31,64,22 -31,65,22 -31,66,22 -31,67,22 -31,68,22 -31,69,22 -32,63,23 -32,64,23 -32,65,23 -32,66,23 -32,67,23 -32,68,23 -32,69,23 -27,63,19 -27,64,19 -27,65,19 -27,66,19 -27,67,19 -27,68,19 -27,69,19 -28,63,20 -28,64,20 -28,65,20 -28,66,20 -28,67,20 -28,68,20 -28,69,20 -29,63,21 -29,64,21 -29,65,21 -29,66,21 -29,67,21 -29,68,21 -29,69,21 -30,63,22 -30,64,22 -30,65,22 -30,66,22 -30,67,22 -30,68,22 -30,69,22 -31,63,23 -31,64,23 -31,65,23 -31,66,23 -31,67,23 -31,68,23 -31,69,23 -32,63,24 -32,64,24 -32,65,24 -32,66,24 -32,67,24 -32,68,24 -32,69,24 -33,63,24 -33,64,24 -33,65,24 -33,66,24 -33,67,24 -33,68,24 -33,69,24 -26,62,18 -26,63,18 -26,64,18 -26,65,18 -26,66,18 -26,67,18 -26,68,18 -26,62,19 -26,63,19 -26,64,19 -26,65,19 -26,66,19 -26,67,19 -26,68,19 -27,62,19 -27,62,20 -27,63,20 -27,64,20 -27,65,20 -27,66,20 -27,67,20 -27,68,20 -28,62,20 -28,62,21 -28,63,21 -28,64,21 -28,65,21 -28,66,21 -28,67,21 -28,68,21 -29,62,21 -29,62,22 -29,63,22 -29,64,22 -29,65,22 -29,66,22 -29,67,22 -29,68,22 -30,62,22 -30,62,23 -30,63,23 -30,64,23 -30,65,23 -30,66,23 -30,67,23 -30,68,23 -31,62,23 -31,62,24 -31,63,24 -31,64,24 -31,65,24 -31,66,24 -31,67,24 -31,68,24 -32,62,24 -26,62,20 -26,63,20 -26,64,20 -26,65,20 -26,66,20 -26,67,20 -26,68,20 -27,62,21 -27,63,21 -27,64,21 -27,65,21 -27,66,21 -27,67,21 -27,68,21 -28,62,22 -28,63,22 -28,64,22 -28,65,22 -28,66,22 -28,67,22 -28,68,22 -29,62,23 -29,63,23 -29,64,23 -29,65,23 -29,66,23 -29,67,23 -29,68,23 -30,62,24 -30,63,24 -30,64,24 -30,65,24 -30,66,24 -30,67,24 -30,68,24 -31,62,25 -31,63,25 -31,64,25 -31,65,25 -31,66,25 -31,67,25 -31,68,25 -32,62,25 -32,63,25 -32,64,25 -32,65,25 -32,66,25 -32,67,25 -32,68,25 -25,62,19 -25,63,19 -25,64,19 -25,65,19 -25,66,19 -25,67,19 -25,68,19 -25,62,20 -25,63,20 -25,64,20 -25,65,20 -25,66,20 -25,67,20 -25,68,20 -26,62,21 -26,63,21 -26,64,21 -26,65,21 -26,66,21 -26,67,21 -26,68,21 -27,62,22 -27,63,22 -27,64,22 -27,65,22 -27,66,22 -27,67,22 -27,68,22 -28,62,23 -28,63,23 -28,64,23 -28,65,23 -28,66,23 -28,67,23 -28,68,23 -29,62,24 -29,63,24 -29,64,24 -29,65,24 -29,66,24 -29,67,24 -29,68,24 -30,62,25 -30,63,25 -30,64,25 -30,65,25 -30,66,25 -30,67,25 -30,68,25 -25,62,21 -25,63,21 -25,64,21 -25,65,21 -25,66,21 -25,67,21 -25,68,21 -26,62,22 -26,63,22 -26,64,22 -26,65,22 -26,66,22 -26,67,22 -26,68,22 -27,62,23 -27,63,23 -27,64,23 -27,65,23 -27,66,23 -27,67,23 -27,68,23 -28,62,24 -28,63,24 -28,64,24 -28,65,24 -28,66,24 -28,67,24 -28,68,24 -29,62,25 -29,63,25 -29,64,25 -29,65,25 -29,66,25 -29,67,25 -29,68,25 -30,62,26 -30,63,26 -30,64,26 -30,65,26 -30,66,26 -30,67,26 -30,68,26 -31,62,26 -31,63,26 -31,64,26 -31,65,26 -31,66,26 -31,67,26 -31,68,26 -24,62,20 -24,63,20 -24,64,20 -24,65,20 -24,66,20 -24,67,20 -24,68,20 -24,62,21 -24,63,21 -24,64,21 -24,65,21 -24,66,21 -24,67,21 -24,68,21 -25,62,22 -25,63,22 -25,64,22 -25,65,22 -25,66,22 -25,67,22 -25,68,22 -26,62,23 -26,63,23 -26,64,23 -26,65,23 -26,66,23 -26,67,23 -26,68,23 -27,62,24 -27,63,24 -27,64,24 -27,65,24 -27,66,24 -27,67,24 -27,68,24 -28,62,25 -28,63,25 -28,64,25 -28,65,25 -28,66,25 -28,67,25 -28,68,25 -29,62,26 -29,63,26 -29,64,26 -29,65,26 -29,66,26 -29,67,26 -29,68,26
4 -40,62,-16 -40,63,-16 -40,64,-16 -40,65,-16 -40,66,-16 -40,67,-16 -40,68,-16 -40,62,-15 -40,63,-15 -40,64,-15 -40,65,-15 -40,66,-15 -40,67,-15 -40,68,-15 -39,62,-15 -39,63,-15 -39,64,-15 -39,65,-15 -39,66,-15 -39,67,-15 -39,68,-15 -39,62,-14 -39,63,-14 -39,64,-14 -39,65,-14 -39,66,-14 -39,67,-14 -39,68,-14 -38,62,-14 -38,63,-14 -38,64,-14 -38,65,-14 -38,66,-14 -38,67,-14 -38,68,-14 -38,62,-13 -38,63,-13 -38,64,-13 -38,65,-13 -38,66,-13 -38,67,-13 -38,68,-13 -37,62,-13 -37,63,-13 -37,64,-13 -37,65,-13 -37,66,-13 -37,67,-13 -37,68,-13 -37,62,-12 -37,63,-12 -37,64,-12 -37,65,-12 -37,66,-12 -37,67,-12 -37,68,-12 -36,62,-12 -36,63,-12 -36,64,-12 -36,65,-12 -36,66,-12 -36,67,-12 -36,68,-12 -36,62,-11 -36,63,-11 -36,64,-11 -36,65,-11 -36,66,-11 -36,67,-11 -36,68,-11 -35,62,-11 -35,63,-11 -35,64,-11 -35,65,-11 -35,66,-11 -35,67,-11 -35,68,-11 -35,62,-10 -35,63,-10 -35,64,-10 -35,65,-10 -35,66,-10 -35,67,-10 -35,68,-10 -34,62,-10 -34,63,-10 -34,64,-10 -34,65,-10 -34,66,-10 -34,67,-10 -34,68,-10 -40,63,-17 -40,64,-17 -40,65,-17 -40,66,-17 -40,67,-17 -40,68,-17 -40,69,-17 -40,69,-16 -39,63,-16 -39,64,-16 -39,65,-16 -39,66,-16 -39,67,-16 -39,68,-16 -39,69,-16 -39,69,-15 -38,63,-15 -38,64,-15 -38,65,-15 -38,66,-15 -38,67,-15 -38,68,-15 -38,69,-15 -38,69,-14 -37,63,-14 -37,64,-14 -37,65,-14 -37,66,-14 -37,67,-14 -37,68,-14 -37,69,-14 -37,69,-13 -36,63,-13 -36,64,-13 -36,65,-13 -36,66,-13 -36,67,-13 -36,68,-13 -36,69,-13 -36,69,-12 -35,63,-12 -35,64,-12 -35,65,-12 -35,66,-12 -35,67,-12 -35,68,-12 -35,69,-12 -35,69,-11 -34,63,-11 -34,64,-11 -34,65,-11 -34,66,-11 -34,67,-11 -34,68,-11 -34,69,-11 -39,63,-17 -39,64,-17 -39,65,-17 -39,66,-17 -39,67,-17 -39,68,-17 -39,69,-17 -38,63,-16 -38,64,-16 -38,65,-16 -38,66,-16 -38,67,-16 -38,68,-16 -38,69,-16 -37,63,-15 -37,64,-15 -37,65,-15 -37,66,-15 -37,67,-15 -37,68,-15 -37,69,-15 -36,63,-14 -36,64,-14 -36,65,-14 -36,66,-14 -36,67,-14 -36,68,-14 -36,69,-14 -35,63,-13 -35,64,-13 -35,65,-13 -35,66,-13 -35,67,-13 -35,68,-13 -35,69,-13 -34,63,-12 -34,64,-12 -34,65,-12 -34,66,-12 -34,67,-12 -34,68,-12 -34,69,-12 -33,63,-11 -33,64,-11 -33,65,-11 -33,66,-11 -33,67,-11 -33,68,-11 -33,69,-11 -39,63,-18 -39,64,-18 -39,65,-18 -39,66,-18 -39,67,-18 -39,68,-18 -39,69,-18 -38,63,-17 -38,64,-17 -38,65,-17 -38,66,-17 -38,67,-17 -38,68,-17 -38,69,-17 -37,63,-16 -37,64,-16 -37,65,-16 -37,66,-16 -37,67,-16 -37,68,-16 -37,69,-16 -36,63,-15 -36,64,-15 -36,65,-15 -36,66,-15 -36,67,-15 -36,68,-15 -36,69,-15 -35,63,-14 -35,64,-14 -35,65,-14 -35,66,-14 -35,67,-14 -35,68,-14 -35,69,-14 -34,63,-13 -34,64,-13 -34,65,-13 -34,66,-13 -34,67,-13 -34,68,-13 -34,69,-13 -33,63,-12 -33,64,-12 -33,65,-12 -33,66,-12 -33,67,-12 -33,68,-12 -33,69,-12 -38,63,-18 -38,64,-18 -38,65,-18 -38,66,-18 -38,67,-18 -38,68,-18 -38,69,-18 -37,63,-17 -37,64,-17 -37,65,-17 -37,66,-17 -37,67,-17 -37,68,-17 -37,69,-17 -36,63,-16 -36,64,-16 -36,65,-16 -36,66,-16 -36,67,-16 -36,68,-16 -36,69,-16 -35,63,-15 -35,64,-15 -35,65,-15 -35,66,-15 -35,67,-15 -35,68,-15 -35,69,-15 -34,63,-14 -34,64,-14 -34,65,-14 -34,66,-14 -34,67,-14 -34,68,-14 -34,69,-14 -33,63,-13 -33,64,-13 -33,65,-13 -33,66,-13 -33,67,-13 -33,68,-13 -33,69,-13 -32,63,-12 -32,64,-12 -32,65,-12 -32,66,-12 -32,67,-12 -32,68,-12 -32,69,-12 -38,63,-19 -38,64,-19 -38,65,-19 -38,66,-19 -38,67,-19 -38,68,-19 -38,69,-19 -37,63,-18 -37,64,-18 -37,65,-18 -37,66,-18 -37,67,-18 -37,68,-18 -37,69,-18 -36,63,-17 -36,64,-17 -36,65,-17 -36,66,-17 -36,67,-17 -36,68,-17 -36,69,-17 -35,63,-16 -35,64,-16 -35,65,-16 -35,66,-16 -35,67,-16 -35,68,-16 -35,69,-16 -34,63,-15 -34,64,-15 -34,65,-15 -34,66,-15 -34,67,-15 -34,68,-15 -34,69,-15 -33,63,-14 -33,64,-14 -33,65,-14 -33,66,-14 -33,67,-14 -33,68,-14 -33,69,-14 -32,63,-13 -32,64,-13 -32,65,-13 -32,66,-13 -32,67,-13 -32,68,-13 -32,69,-13 -37,63,-19 -37,64,-19 -37,65,-19 -37,66,-19 -37,67,-19 -37,68,-19 -37,69,-19 -36,63,-18 -36,64,-18 -36,65,-18 -36,66,-18 -36,67,-18 -36,68,-18 -36,69,-18 -35,63,-17 -35,64,-17 -35,65,-17 -35,66,-17 -35,67,-17 -35,68,-17 -35,69,-17 -34,63,-16 -34,64,-16 -34,65,-16 -34,66,-16 -34,67,-16 -34,68,-16 -34,69,-16 -33,63,-15 -33,64,-15 -33,65,-15 -33,66,-15 -33,67,-15 -33,68,-15 -33,69,-15 -32,63,-14 -32,64,-14 -32,65,-14 -32,66,-14 -32,67,-14 -32,68,-14 -32,69,-14 -31,63,-13 -31,64,-13 -31,65,-13 -31,66,-13 -31,67,-13 -31,68,-13 -31,69,-13 -37,63,-20 -37,64,-20 -37,65,-20 -37,66,-20 -37,67,-20 -37,68,-20 -37,69,-20 -36,63,-19 -36,64,-19 -36,65,-19 -36,66,-19 -36,67,-19 -36,68,-19 -36,69,-19 -35,63,-18 -35,64,-18 -35,65,-18 -35,66,-18 -35,67,-18 -35,68,-18 -35,69,-18 -34,63,-17 -34,64,-17 -34,65,-17 -34,66,-17 -34,67,-17 -34,68,-17 -34,69,-17 -33,63,-16 -33,64,-16 -33,65,-16 -33,66,-16 -33,67,-16 -33,68,-16 -33,69,-16 -32,63,-15 -32,64,-15 -32,65,-15 -32,66,-15 -32,67,-15 -32,68,-15 -32,69,-15 -31,63,-14 -31,64,-14 -31,65,-14 -31,66,-14 -31,67,-14 -31,68,-14 -31,69,-14 -36,63,-20 -36,64,-20 -36,65,-20 -36,66,-20 -36,67,-20 -36,68,-20 -36,69,-20 -35,63,-19 -35,64,-19 -35,65,-19 -35,66,-19 -35,67,-19 -35,68,-19 -35,69,-19 -34,63,-18 -34,64,-18 -34,65,-18 -34,66,-18 -34,67,-18 -34,68,-18 -34,69,-18 -33,63,-17 -33,64,-17 -33,65,-17 -33,66,-17 -33,67,-17 -33,68,-17 -33,69,-17 -32,63,-16 -32,64,-16 -32,65,-16 -32,66,-16 -32,67,-16 -32,68,-16 -32,69,-16 -31,63,-15 -31,64,-15 -31,65,-15 -31,66,-15 -31,67,-15 -31,68,-15 -31,69,-15 -30,63,-14 -30,64,-14 -30,65,-14 -30,66,-14 -30,67,-14 -30,68,-14 -30,69,-14 -36,63,-21 -36,64,-21 -36,65,-21 -36,66,-21 -36,67,-21 -36,68,-21 -36,69,-21 -35,63,-20 -35,64,-20 -35,65,-20 -35,66,-20 -35,67,-20 -35,68,-20 -35,69,-20 -34,63,-19 -34,64,-19 -34,65,-19 -34,66,-19 -34,67,-19 -34,68,-19 -34,69,-19 -33,63,-18 -33,64,-18 -33,65,-18 -33,66,-18 -33,67,-18 -33,68,-18 -33,69,-18 -32,63,-17 -32,64,-17 -32,65,-17 -32,66,-17 -32,67,-17 -32,68,-17 -32,69,-17 -31,63,-16 -31,64,-16 -31,65,-16 -31,66,-16 -31,67,-16 -31,68,-16 -31,69,-16 -30,63,-15 -30,64,-15 -30,65,-15 -30,66,-15 -30,67,-15 -30,68,-15 -30,69,-15 -35,63,-21 -35,64,-21 -35,65,-21 -35,66,-21 -35,67,-21 -35,68,-21 -35,69,-21 -34,63,-20 -34,64,-20 -34,65,-20 -34,66,-20 -34,67,-20 -34,68,-20 -34,69,-20 -33,63,-19 -33,64,-19 -33,65,-19 -33,66,-19 -33,67,-19 -33,68,-19 -33,69,-19 -32,63,-18 -32,64,-18 -32,65,-18 -32,66,-18 -32,67,-18 -32,68,-18 -32,69,-18 -31,63,-17 -31,64,-17 -31,65,-17 -31,66,-17 -31,67,-17 -31,68,-17 -31,69,-17 -30,63,-16 -30,64,-16 -30,65,-16 -30,66,-16 -30,67,-16 -30,68,-16 -30,69,-16 -29,63,-15 -29,64,-15 -29,65,-15 -29,66,-15 -29,67,-15 -29,68,-15 -29,69,-15 -35,63,-22 -35,64,-22 -35,65,-22 -35,66,-22 -35,67,-22 -35,68,-22 -35,69,-22 -34,63,-21 -34,64,-21 -34,65,-21 -34,66,-21 -34,67,-21 -34,68,-21 -34,69,-21 -33,63,-20 -33,64,-20 -33,65,-20 -33,66,-20 -33,67,-20 -33,68,-20 -33,69,-20 -32,63,-19 -32,64,-19 -32,65,-19 -32,66,-19 -32,67,-19 -32,68,-19 -32,69,-19 -31,63,-18 -31,64,-18 -31,65,-18 -31,66,-18 -31,67,-18 -31,68,-18 -31,69,-18 -30,63,-17 -30,64,-17 -30,65,-17 -30,66,-17 -30,67,-17 -30,68,-17 -30,69,-17 -29,63,-16 -29,64,-16 -29,65,-16 -29,66,-16 -29,67,-16 -29,68,-16 -29,69,-16 -34,63,-22 -34,64,-22 -34,65,-22 -34,66,-22 -34,67,-22 -34,68,-22 -34,69,-22 -33,63,-21 -33,64,-21 -33,65,-21 -33,66,-21 -33,67,-21 -33,68,-21 -33,69,-21 -32,63,-20 -32,64,-20 -32,65,-20 -32,66,-20 -32,67,-20 -32,68,-20 -32,69,-20 -31,63,-19 -31,64,-19 -31,65,-19 -31,66,-19 -31,67,-19 -31,68,-19 -31,69,-19 -30,63,-18 -30,64,-18 -30,65,-18 -30,66,-18 -30,67,-18 -30,68,-18 -30,69,-18 -29,63,-17 -29,64,-17 -29,65,-17 -29,66,-17 -29,67,-17 -29,68,-17 -29,69,-17 -28,63,-16 -28,64,-16 -28,65,-16 -28,66,-16 -28,67,-16 -28,68,-16 -28,69,-16 -34,63,-23 -34,64,-23 -34,65,-23 -34,66,-23 -34,67,-23 -34,68,-23 -34,69,-23 -33,63,-22 -33,64,-22 -33,65,-22 -33,66,-22 -33,67,-22 -33,68,-22 -33,69,-22 -32,63,-21 -32,64,-21 -32,65,-21 -32,66,-21 -32,67,-21 -32,68,-21 -32,69,-21 -31,63,-20 -31,64,-20 -31,65,-20 -31,66,-20 -31,67,-20 -31,68,-20 -31,69,-20 -30,63,-19 -30,64,-19 -30,65,-19 -30,66,-19 -30,67,-19 -30,68,-19 -30,69,-19 -29,63,-18 -29,64,-18 -29,65,-18 -29,66,-18 -29,67,-18 -29,68,-18 -29,69,-18 -28,63,-17 -28,64,-17 -28,65,-17 -28,66,-17 -28,67,-17 -28,68,-17 -28,69,-17 -33,63,-23 -33,64,-23 -33,65,-23 -33,66,-23 -33,67,-23 -33,68,-23 -33,69,-23 -32,63,-22 -32,64,-22 -32,65,-22 -32,66,-22 -32,67,-22 -32,68,-22 -32,69,-22 -31,63,-21 -31,64,-21 -31,65,-21 -31,66,-21 -31,67,-21 -31,68,-21 -31,69,-21 -30,63,-20 -30,64,-20 -30,65,-20 -30,66,-20 -30,67,-20 -30,68,-20 -30,69,-20 -29,63,-19 -29,64,-19 -29,65,-19 -29,66,-19 -29,67,-19 -29,68,-19 -29,69,-19 -28,63,-18 -28,64,-18 -28,65,-18 -28,66,-18 -28,67,-18 -28,68,-18 -28,69,-18 -27,63,-17 -27,64,-17 -27,65,-17 -27,66,-17 -27,67,-17 -27,68,-17 -27,69,-17 -33,63,-24 -33,64,-24 -33,65,-24 -33,66,-24 -33,67,-24 -33,68,-24 -33,69,-24 -32,63,-23 -32,64,-23 -32,65,-23 -32,66,-23 -32,67,-23 -32,68,-23 -32,69,-23 -31,63,-22 -31,64,-22 -31,65,-22 -31,66,-22 -31,67,-22 -31,68,-22 -31,69,-22 -30,63,-21 -30,64,-21 -30,65,-21 -30,66,-21 -30,67,-21 -30,68,-21 -30,69,-21 -29,63,-20 -29,64,-20 -29,65,-20 -29,66,-20 -29,67,-20 -29,68,-20 -29,69,-20 -28,63,-19 -28,64,-19 -28,65,-19 -28,66,-19 -28,67,-19 -28,68,-19 -28,69,-19 -27,63,-18 -27,64,-18 -27,65,-18 -27,66,-18 -27,67,-18 -27,68,-18 -27,69,-18 -32,63,-24 -32,64,-24 -32,65,-24 -32,66,-24 -32,67,-24 -32,68,-24 -32,69,-24 -31,63,-23 -31,64,-23 -31,65,-23 -31,66,-23 -31,67,-23 -31,68,-23 -31,69,-23 -30,63,-22 -30,64,-22 -30,65,-22 -30,66,-22 -30,67,-22 -30,68,-22 -30,69,-22 -29,63,-21 -29,64,-21 -29,65,-21 -29,66,-21 -29,67,-21 -29,68,-21 -29,69,-21 -28,63,-20 -28,64,-20 -28,65,-20 -28,66,-20 -28,67,-20 -28,68,-20 -28,69,-20 -27,63,-19 -27,64,-19 -27,65,-19 -27,66,-19 -27,67,-19 -27,68,-19 -27,69,-19 -26,63,-18 -26,64,-18 -26,65,-18 -26,66,-18 -26,67,-18 -26,68,-18 -26,69,-18 -32,63,-25 -32,64,-25 -32,65,-25 -32,66,-25 -32,67,-25 -32,68,-25 -32,69,-25 -31,63,-24 -31,64,-24 -31,65,-24 -31,66,-24 -31,67,-24 -31,68,-24 -31,69,-24 -30,63,-23 -30,64,-23 -30,65,-23 -30,66,-23 -30,67,-23 -30,68,-23 -30,69,-23 -29,63,-22 -29,64,-22 -29,65,-22 -29,66,-22 -29,67,-22 -29,68,-22 -29,69,-22 -28,63,-21 -28,64,-21 -28,65,-21 -28,66,-21 -28,67,-21 -28,68,-21 -28,69,-21 -27,63,-20 -27,64,-20 -27,65,-20 -27,66,-20 -27,67,-20 -27,68,-20 -27,69,-20 -26,63,-19 -26,64,-19 -26,65,-19 -26,66,-19 -26,67,-19 -26,68,-19 -26,69,-19 -31,63,-25 -31,64,-25 -31,65,-25 -31,66,-25 -31,67,-25 -31,68,-25 -31,69,-25 -30,63,-24 -30,64,-24 -30,65,-24 -30,66,-24 -30,67,-24 -30,68,-24 -30,69,-24 -29,63,-23 -29,64,-23 -29,65,-23 -29,66,-23 -29,67,-23 -29,68,-23 -29,69,-23 -28,63,-22 -28,64,-22 -28,65,-22 -28,66,-22 -28,67,-22 -28,68,-22 -28,69,-22 -27,63,-21 -27,64,-21 -27,65,-21 -27,66,-21 -27,67,-21 -27,68,-21 -27,69,-21 -26,63,-20 -26,64,-20 -26,65,-20 -26,66,-20 -26,67,-20 -26,68,-20 -26,69,-20 -25,63,-19 -25,64,-19 -25,65,-19 -25,66,-19 -25,67,-19 -25,68,-19 -25,69,-19 -31,63,-26 -31,64,-26 -31,65,-26 -31,66,-26 -31,67,-26 -31,68,-26 -31,69,-26 -30,63,-25 -30,64,-25 -30,65,-25 -30,66,-25 -30,67,-25 -30,68,-25 -30,69,-25 -29,63,-24 -29,64,-24 -29,65,-24 -29,66,-24 -29,67,-24 -29,68,-24 -29,69,-24 -28,63,-23 -28,64,-23 -28,65,-23 -28,66,-23 -28,67,-23 -28,68,-23 -28,69,-23 -27,63,-22 -27,64,-22 -27,65,-22 -27,66,-22 -27,67,-22 -27,68,-22 -27,69,-22 -26,63,-21 -26,64,-21 -26,65,-21 -26,66,-21 -26,67,-21 -26,68,-21 -26,69,-21 -25,63,-20 -25,64,-20 -25,65,-20 -25,66,-20 -25,67,-20 -25,68,-20 -25,69,-20 -30,62,-26 -30,63,-26 -30,64,-26 -30,65,-26 -30,66,-26 -30,67,-26 -30,68,-26 -30,62,-25 -29,62,-25 -29,63,-25 -29,64,-25 -29,65,-25 -29,66,-25 -29,67,-25 -29,68,-25 -29,62,-24 -28,62,-24 -28,63,-24 -28,64,-24 -28,65,-24 -28,66,-24 -28,67,-24 -28,68,-24 -28,62,-23 -27,62,-23 -27,63,-23 -27,64,-23 -27,65,-23 -27,66,-23 -27,67,-23 -27,68,-23 -27,62,-22 -26,62,-22 -26,63,-22 -26,64,-22 -26,65,-22 -26,66,-22 -26,67,-22 -26,68,-22 -26,62,-21 -25,62,-21 -25,63,-21 -25,64,-21 -25,65,-21 -25,66,-21 -25,67,-21 -25,68,-21 -25,62,-20 -24,62,-20 -24,63,-20 -24,64,-20 -24,65,-20 -24,66,-20 -24,67,-20 -24,68,-20 -30,62,-27 -30,63,-27 -30,64,-27 -30,65,-27 -30,66,-27 -30,67,-27 -30,68,-27 -29,62,-26 -29,63,-26 -29,64,-26 -29,65,-26 -29,66,-26 -29,67,-26 -29,68,-26 -28,62,-25 -28,63,-25 -28,64,-25 -28,65,-25 -28,66,-25 -28,67,-25 -28,68,-25 -27,62,-24 -27,63,-24 -27,64,-24 -27,65,-24 -27,66,-24 -27,67,-24 -27,68,-24 -26,62,-23 -26,63,-23 -26,64,-23 -26,65,-23 -26,66,-23 -26,67,-23 -26,68,-23 -25,62,-22 -25,63,-22 -25,64,-22 -25,65,-22 -25,66,-22 -25,67,-22 -25,68,-22 -24,62,-21 -24,63,-21 -24,64,-21 -24,65,-21 -24,66,-21 -24,67,-21 -24,68,-21 -29,62,-27 -29,63,-27 -29,64,-27 -29,65,-27 -29,66,-27 -29,67,-27 -29,68,-27 -28,62,-26 -28,63,-26 -28,64,-26 -28,65,-26 -28,66,-26 -28,67,-26 -28,68,-26 -27,62,-25 -27,63,-25 -27,64,-25 -27,65,-25 -27,66,-25 -27,67,-25 -27,68,-25 -26,62,-24 -26,63,-24 -26,64,-24 -26,65,-24 -26,66,-24 -26,67,-24 -26,68,-24 -25,62,-23 -25,63,-23 -25,64,-23 -25,65,-23 -25,66,-23 -25,67,-23 -25,68,-23 -24,62,-22 -24,63,-22 -24,64,-22 -24,65,-22 -24,66,-22 -24,67,-22 -24,68,-22 -23,62,-21 -23,63,-21 -23,64,-21 -23,65,-21 -23,66,-21 -23,67,-21 -23,68,-21
2 -60,62,16 -60,63,16 -60,64,16 -60,65,16 -60,66,16 -60,67,16 -60,68,16 -60,62,15 -60,63,15 -60,64,15 -60,65,15 -60,66,15 -60,67,15 -60,68,15 -61,62,15 -61,63,15 -61,64,15 -61,65,15 -61,66,15 -61,67,15 -61,68,15 -61,62,14 -61,63,14 -61,64,14 -61,65,14 -61,66,14 -61,67,14 -61,68,14 -62,62,14 -62,63,14 -62,64,14 -62,65,14 -62,66,14 -62,67,14 -62,68,14 -62,62,13 -62,63,13 -62,64,13 -62,65,13 -62,66,13 -62,67,13 -62,68,13 -63,62,13 -63,63,13 -63,64,13 -63,65,13 -63,66,13 -63,67,13 -63,68,13 -63,62,12 -63,63,12 -63,64,12 -63,65,12 -63,66,12 -63,67,12 -63,68,12 -64,62,12 -64,63,12 -64,64,12 -64,65,12 -64,66,12 -64,67,12 -64,68,12 -64,62,11 -64,63,11 -64,64,11 -64,65,11 -64,66,11 -64,67,11 -64,68,11 -65,62,11 -65,63,11 -65,64,11 -65,65,11 -65,66,11 -65,67,11 -65,68,11 -65,62,10 -65,63,10 -65,64,10 -65,65,10 -65,66,10 -65,67,10 -65,68,10 -66,62,10 -66,63,10 -66,64,10 -66,65,10 -66,66,10 -66,67,10 -66,68,10 -60,61,17 -60,62,17 -60,63,17 -60,64,17 -60,65,17 -60,66,17 -60,67,17 -60,61,16 -61,61,16 -61,62,16 -61,63,16 -61,64,16 -61,65,16 -61,66,16 -61,67,16 -61,61,15 -62,61,15 -62,62,15 -62,63,15 -62,64,15 -62,65,15 -62,66,15 -62,67,15 -62,61,14 -63,61,14 -63,62,14 -63,63,14 -63,64,14 -63,65,14 -63,66,14 -63,67,14 -63,61,13 -64,61,13 -64,62,13 -64,63,13 -64,64,13 -64,65,13 -64,66,13 -64,67,13 -64,61,12 -65,61,12 -65,62,12 -65,63,12 -65,64,12 -65,65,12 -65,66,12 -65,67,12 -65,61,11 -66,61,11 -66,62,11 -66,63,11 -66,64,11 -66,65,11 -66,66,11 -66,67,11 -61,61,17 -61,62,17 -61,63,17 -61,64,17 -61,65,17 -61,66,17 -61,67,17 -62,61,16 -62,62,16 -62,63,16 -62,64,16 -62,65,16 -62,66,16 -62,67,16 -63,61,15 -63,62,15 -63,63,15 -63,64,15 -63,65,15 -63,66,15 -63,67,15 -64,61,14 -64,62,14 -64,63,14 -64,64,14 -64,65,14 -64,66,14 -64,67,14 -65,61,13 -65,62,13 -65,63,13 -65,64,13 -65,65,13 -65,66,13 -65,67,13 -66,61,12 -66,62,12 -66,63,12 -66,64,12 -66,65,12 -66,66,12 -66,67,12 -67,61,11 -67,62,11 -67,63,11 -67,64,11 -67,65,11 -67,66,11 -67,67,11 -61,61,18 -61,62,18 -61,63,18 -61,64,18 -61,65,18 -61,66,18 -61,67,18 -62,61,17 -62,62,17 -62,63,17 -62,64,17 -62,65,17 -62,66,17 -62,67,17 -63,61,16 -63,62,16 -63,63,16 -63,64,16 -63,65,16 -63,66,16 -63,67,16 -64,61,15 -64,62,15 -64,63,15 -64,64,15 -64,65,15 -64,66,15 -64,67,15 -65,61,14 -65,62,14 -65,63,14 -65,64,14 -65,65,14 -65,66,14 -65,67,14 -66,61,13 -66,62,13 -66,63,13 -66,64,13 -66,65,13 -66,66,13 -66,67,13 -67,61,12 -67,62,12 -67,63,12 -67,64,12 -67,65,12 -67,66,12 -67,67,12 -62,61,18 -62,62,18 -62,63,18 -62,64,18 -62,65,18 -62,66,18 -62,67,18 -63,61,17 -63,62,17 -63,63,17 -63,64,17 -63,65,17 -63,66,17 -63,67,17 -64,61,16 -64,62,16 -64,63,16 -64,64,16 -64,65,16 -64,66,16 -64,67,16 -65,61,15 -65,62,15 -65,63,15 -65,64,15 -65,65,15 -65,66,15 -65,67,15 -66,61,14 -66,62,14 -66,63,14 -66,64,14 -66,65,14 -66,66,14 -66,67,14 -67,61,13 -67,62,13 -67,63,13 -67,64,13 -67,65,13 -67,66,13 -67,67,13 -68,61,12 -68,62,12 -68,63,12 -68,64,12 -68,65,12 -68,66,12 -68,67,12 -62,61,19 -62,62,19 -62,63,19 -62,64,19 -62,65,19 -62,66,19 -62,67,19 -63,61,18 -63,62,18 -63,63,18 -63,64,18 -63,65,18 -63,66,18 -63,67,18 -64,61,17 -64,62,17 -64,63,17 -64,64,17 -64,65,17 -64,66,17 -64,67,17 -65,61,16 -65,62,16 -65,63,16 -65,64,16 -65,65,16 -65,66,16 -65,67,16 -66,61,15 -66,62,15 -66,63,15 -66,64,15 -66,65,15 -66,66,15 -66,67,15 -67,61,14 -67,62,14 -67,63,14 -67,64,14 -67,65,14 -67,66,14 -67,67,14 -68,61,13 -68,62,13 -68,63,13 -68,64,13 -68,65,13 -68,66,13 -68,67,13 -63,61,19 -63,62,19 -63,63,19 -63,64,19 -63,65,19 -63,66,19 -63,67,19 -64,61,18 -64,62,18 -64,63,18 -64,64,18 -64,65,18 -64,66,18 -64,67,18 -65,61,17 -65,62,17 -65,63,17 -65,64,17 -65,65,17 -65,66,17 -65,67,17 -66,61,16 -66,62,16 -66,63,16 -66,64,16 -66,65,16 -66,66,16 -66,67,16 -67,61,15 -67,62,15 -67,63,15 -67,64,15 -67,65,15 -67,66,15 -67,67,15 -68,61,14 -68,62,14 -68,63,14 -68,64,14 -68,65,14 -68,66,14 -68,67,14 -69,61,13 -69,62,13 -69,63,13 -69,64,13 -69,65,13 -69,66,13 -69,67,13 -63,61,20 -63,62,20 -63,63,20 -63,64,20 -63,65,20 -63,66,20 -63,67,20 -64,61,19 -64,62,19 -64,63,19 -64,64,19 -64,65,19 -64,66,19 -64,67,19 -65,61,18 -65,62,18 -65,63,18 -65,64,18 -65,65,18 -65,66,18 -65,67,18 -66,61,17 -66,62,17 -66,63,17 -66,64,17 -66,65,17 -66,66,17 -66,67,17 -67,61,16 -67,62,16 -67,63,16 -67,64,16 -67,65,16 -67,66,16 -67,67,16 -68,61,15 -68,62,15 -68,63,15 -68,64,15 -68,65,15 -68,66,15 -68,67,15 -69,61,14 -69,62,14 -69,63,14 -69,64,14 -69,65,14 -69,66,14 -69,67,14 -64,60,20 -64,61,20 -64,62,20 -64,63,20 -64,64,20 -64,65,20 -64,66,20 -64,60,19 -65,60,19 -65,61,19 -65,62,19 -65,63,19 -65,64,19 -65,65,19 -65,66,19 -65,60,18 -66,60,18 -66,61,18 -66,62,18 -66,63,18 -66,64,18 -66,65,18 -66,66,18 -66,60,17 -67,60,17 -67,61,17 -67,62,17 -67,63,17 -67,64,17 -67,65,17 -67,66,17 -67,60,16 -68,60,16 -68,61,16 -68,62,16 -68,63,16 -68,64,16 -68,65,16 -68,66,16 -68,60,15 -69,60,15 -69,61,15 -69,62,15 -69,63,15 -69,64,15 -69,65,15 -69,66,15 -69,60,14 -70,60,14 -70,61,14 -70,62,14 -70,63,14 -70,64,14 -70,65,14 -70,66,14 -64,60,21 -64,61,21 -64,62,21 -64,63,21 -64,64,21 -64,65,21 -64,66,21 -65,60,20 -65,61,20 -65,62,20 -65,63,20 -65,64,20 -65,65,20 -65,66,20 -66,60,19 -66,61,19 -66,62,19 -66,63,19 -66,64,19 -66,65,19 -66,66,19 -67,60,18 -67,61,18 -67,62,18 -67,63,18 -67,64,18 -67,65,18 -67,66,18 -68,60,17 -68,61,17 -68,62,17 -68,63,17 -68,64,17 -68,65,17 -68,66,17 -69,60,16 -69,61,16 -69,62,16 -69,63,16 -69,64,16 -69,65,16 -69,66,16 -70,60,15 -70,61,15 -70,62,15 -70,63,15 -70,64,15 -70,65,15 -70,66,15 -65,60,21 -65,61,21 -65,62,21 -65,63,21 -65,64,21 -65,65,21 -65,66,21 -66,60,20 -66,61,20 -66,62,20 -66,63,20 -66,64,20 -66,65,20 -66,66,20 -67,60,19 -67,61,19 -67,62,19 -67,63,19 -67,64,19 -67,65,19 -67,66,19 -68,60,18 -68,61,18 -68,62,18 -68,63,18 -68,64,18 -68,65,18 -68,66,18 -69,60,17 -69,61,17 -69,62,17 -69,63,17 -69,64,17 -69,65,17 -69,66,17 -70,60,16 -70,61,16 -70,62,16 -70,63,16 -70,64,16 -70,65,16 -70,66,16 -71,60,15 -71,61,15 -71,62,15 -71,63,15 -71,64,15 -71,65,15 -71,66,15 -65,61,22 -65,62,22 -65,63,22 -65,64,22 -65,65,22 -65,66,22 -65,67,22 -65,67,21 -66,61,21 -66,62,21 -66,63,21 -66,64,21 -66,65,21 -66,66,21 -66,67,21 -66,67,20 -67,61,20 -67,62,20 -67,63,20 -67,64,20 -67,65,20 -67,66,20 -67,67,20 -67,67,19 -68,61,19 -68,62,19 -68,63,19 -68,64,19 -68,65,19 -68,66,19 -68,67,19 -68,67,18 -69,61,18 -69,62,18 -69,63,18 -69,64,18 -69,65,18 -69,66,18 -69,67,18 -69,67,17 -70,61,17 -70,62,17 -70,63,17 -70,64,17 -70,65,17 -70,66,17 -70,67,17 -70,67,16 -71,61,16 -71,62,16 -71,63,16 -71,64,16 -71,65,16 -71,66,16 -71,67,16 -66,61,22 -66,62,22 -66,63,22 -66,64,22 -66,65,22 -66,66,22 -66,67,22 -67,61,21 -67,62,21 -67,63,21 -67,64,21 -67,65,21 -67,66,21 -67,67,21 -68,61,20 -68,62,20 -68,63,20 -68,64,20 -68,65,20 -68,66,20 -68,67,20 -69,61,19 -69,62,19 -69,63,19 -69,64,19 -69,65,19 -69,66,19 -69,67,19 -70,61,18 -70,62,18 -70,63,18 -70,64,18 -70,65,18 -70,66,18 -70,67,18 -71,61,17 -71,62,17 -71,63,17 -71,64,17 -71,65,17 -71,66,17 -71,67,17 -72,61,16 -72,62,16 -72,63,16 -72,64,16 -72,65,16 -72,66,16 -72,67,16 -66,61,23 -66,62,23 -66,63,23 -66,64,23 -66,65,23 -66,66,23 -66,67,23 -67,61,22 -67,62,22 -67,63,22 -67,64,22 -67,65,22 -67,66,22 -67,67,22 -68,61,21 -68,62,21 -68,63,21 -68,64,21 -68,65,21 -68,66,21 -68,67,21 -69,61,20 -69,62,20 -69,63,20 -69,64,20 -69,65,20 -69,66,20 -69,67,20 -70,61,19 -70,62,19 -70,63,19 -70,64,19 -70,65,19 -70,66,19 -70,67,19 -71,61,18 -71,62,18 -71,63,18 -71,64,18 -71,65,18 -71,66,18 -71,67,18 -72,61,17 -72,62,17 -72,63,17 -72,64,17 -72,65,17 -72,66,17 -72,67,17 -67,61,23 -67,62,23 -67,63,23 -67,64,23 -67,65,23 -67,66,23 -67,67,23 -68,61,22 -68,62,22 -68,63,22 -68,64,22 -68,65,22 -68,66,22 -68,67,22 -69,61,21 -69,62,21 -69,63,21 -69,64,21 -69,65,21 -69,66,21 -69,67,21 -70,61,20 -70,62,20 -70,63,20 -70,64,20 -70,65,20 -70,66,20 -70,67,20 -71,61,19 -71,62,19 -71,63,19 -71,64,19 -71,65,19 -71,66,19 -71,67,19 -72,61,18 -72,62,18 -72,63,18 -72,64,18 -72,65,18 -72,66,18 -72,67,18 -73,61,17 -73,62,17 -73,63,17 -73,64,17 -73,65,17 -73,66,17 -73,67,17 -67,61,24 -67,62,24 -67,63,24 -67,64,24 -67,65,24 -67,66,24 -67,67,24 -68,61,23 -68,62,23 -68,63,23 -68,64,23 -68,65,23 -68,66,23 -68,67,23 -69,61,22 -69,62,22 -69,63,22 -69,64,22 -69,65,22 -69,66,22 -69,67,22 -70,61,21 -70,62,21 -70,63,21 -70,64,21 -70,65,21 -70,66,21 -70,67,21 -71,61,20 -71,62,20 -71,63,20 -71,64,20 -71,65,20 -71,66,20 -71,67,20 -72,61,19 -72,62,19 -72,63,19 -72,64,19 -72,65,19 -72,66,19 -72,67,19 -73,61,18 -73,62,18 -73,63,18 -73,64,18 -73,65,18 -73,66,18 -73,67,18 -68,61,24 -68,62,24 -68,63,24 -68,64,24 -68,65,24 -68,66,24 -68,67,24 -69,61,23 -69,62,23 -69,63,23 -69,64,23 -69,65,23 -69,66,23 -69,67,23 -70,61,22 -70,62,22 -70,63,22 -70,64,22 -70,65,22 -70,66,22 -70,67,22 -71,61,21 -71,62,21 -71,63,21 -71,64,21 -71,65,21 -71,66,21 -71,67,21 -72,61,20 -72,62,20 -72,63,20 -72,64,20 -72,65,20 -72,66,20 -72,67,20 -73,61,19 -73,62,19 -73,63,19 -73,64,19 -73,65,19 -73,66,19 -73,67,19 -74,61,18 -74,62,18 -74,63,18 -74,64,18 -74,65,18 -74,66,18 -74,67,18 -68,61,25 -68,62,25 -68,63,25 -68,64,25 -68,65,25 -68,66,25 -68,67,25 -69,61,24 -69,62,24 -69,63,24 -69,64,24 -69,65,24 -69,66,24 -69,67,24 -70,61,23 -70,62,23 -70,63,23 -70,64,23 -70,65,23 -70,66,23 -70,67,23 -71,61,22 -71,62,22 -71,63,22 -71,64,22 -71,65,22 -71,66,22 -71,67,22 -72,61,21 -72,62,21 -72,63,21 -72,64,21 -72,65,21 -72,66,21 -72,67,21 -73,61,20 -73,62,20 -73,63,20 -73,64,20 -73,65,20 -73,66,20 -73,67,20 -74,61,19 -74,62,19 -74,63,19 -74,64,19 -74,65,19 -74,66,19 -74,67,19 -69,62,25 -69,63,25 -69,64,25 -69,65,25 -69,66,25 -69,67,25 -69,68,25 -69,68,24 -70,62,24 -70,63,24 -70,64,24 -70,65,24 -70,66,24 -70,67,24 -70,68,24 -70,68,23 -71,62,23 -71,63,23 -71,64,23 -71,65,23 -71,66,23 -71,67,23 -71,68,23 -71,68,22 -72,62,22 -72,63,22 -72,64,22 -72,65,22 -72,66,22 -72,67,22 -72,68,22 -72,68,21 -73,62,21 -73,63,21 -73,64,21 -73,65,21 -73,66,21 -73,67,21 -73,68,21 -73,68,20 -74,62,20 -74,63,20 -74,64,20 -74,65,20 -74,66,20 -74,67,20 -74,68,20 -74,68,19 -75,62,19 -75,63,19 -75,64,19 -75,65,19 -75,66,19 -75,67,19 -75,68,19 -69,62,26 -69,63,26 -69,64,26 -69,65,26 -69,66,26 -69,67,26 -69,68,26 -70,62,25 -70,63,25 -70,64,25 -70,65,25 -70,66,25 -70,67,25 -70,68,25 -71,62,24 -71,63,24 -71,64,24 -71,65,24 -71,66,24 -71,67,24 -71,68,24 -72,62,23 -72,63,23 -72,64,23 -72,65,23 -72,66,23 -72,67,23 -72,68,23 -73,62,22 -73,63,22 -73,64,22 -73,65,22 -73,66,22 -73,67,22 -73,68,22 -74,62,21 -74,63,21 -74,64,21 -74,65,21 -74,66,21 -74,67,21 -74,68,21 -75,62,20 -75,63,20 -75,64,20 -75,65,20 -75,66,20 -75,67,20 -75,68,20 -70,62,26 -70,63,26 -70,64,26 -70,65,26 -70,66,26 -70,67,26 -70,68,26 -71,62,25 -71,63,25 -71,64,25 -71,65,25 -71,66,25 -71,67,25 -71,68,25 -72,62,24 -72,63,24 -72,64,24 -72,65,24 -72,66,24 -72,67,24 -72,68,24 -73,62,23 -73,63,23 -73,64,23 -73,65,23 -73,66,23 -73,67,23 -73,68,23 -74,62,22 -74,63,22 -74,64,22 -74,65,22 -74,66,22 -74,67,22 -74,68,22 -75,62,21 -75,63,21 -75,64,21 -75,65,21 -75,66,21 -75,67,21 -75,68,21 -76,62,20 -76,63,20 -76,64,20 -76,65,20 -76,66,20 -76,67,20 -76,68,20
3 -63,61,-8 -63,62,-8 -63,63,-8 -63,64,-8 -63,65,-8 -63,66,-8 -63,67,-8 -63,61,-9 -63,62,-9 -63,63,-9 -63,64,-9 -63,65,-9 -63,66,-9 -63,67,-9 -62,61,-9 -62,62,-9 -62,63,-9 -62,64,-9 -62,65,-9 -62,66,-9 -62,67,-9 -62,61,-10 -62,62,-10 -62,63,-10 -62,64,-10 -62,65,-10 -62,66,-10 -62,67,-10 -61,61,-10 -61,62,-10 -61,63,-10 -61,64,-10 -61,65,-10 -61,66,-10 -61,67,-10 -61,61,-11 -61,62,-11 -61,63,-11 -61,64,-11 -61,65,-11 -61,66,-11 -61,67,-11 -60,61,-11 -60,62,-11 -60,63,-11 -60,64,-11 -60,65,-11 -60,66,-11 -60,67,-11 -60,61,-12 -60,62,-12 -60,63,-12 -60,64,-12 -60,65,-12 -60,66,-12 -60,67,-12 -59,61,-12 -59,62,-12 -59,63,-12 -59,64,-12 -59,65,-12 -59,66,-12 -59,67,-12 -59,61,-13 -59,62,-13 -59,63,-13 -59,64,-13 -59,65,-13 -59,66,-13 -59,67,-13
0 -58,61,-13 -58,62,-13 -58,63,-13 -58,64,-13 -58,65,-13 -58,66,-13 -58,67,-13
3 -58,61,-14 -58,62,-14 -58,63,-14 -58,64,-14 -58,65,-14 -58,66,-14 -58,67,-14
0 -57,61,-14 -57,62,-14 -57,63,-14 -57,64,-14 -57,65,-14 -57,66,-14 -57,67,-14
3 -64,61,-8 -64,62,-8 -64,63,-8 -64,64,-8 -64,65,-8 -64,66,-8 -64,67,-8 -64,61,-9 -64,62,-9 -64,63,-9 -64,64,-9 -64,65,-9 -64,66,-9 -64,67,-9 -63,61,-10 -63,62,-10 -63,63,-10 -63,64,-10 -63,65,-10 -63,66,-10 -63,67,-10 -62,61,-11 -62,62,-11 -62,63,-11 -62,64,-11 -62,65,-11 -62,66,-11 -62,67,-11 -61,61,-12 -61,62,-12 -61,63,-12 -61,64,-12 -61,65,-12 -61,66,-12 -61,67,-12 -60,61,-13 -60,62,-13 -60,63,-13 -60,64,-13 -60,65,-13 -60,66,-13 -60,67,-13 -59,61,-14 -59,62,-14 -59,63,-14 -59,64,-14 -59,65,-14 -59,66,-14 -59,67,-14 -64,61,-10 -64,62,-10 -64,63,-10 -64,64,-10 -64,65,-10 -64,66,-10 -64,67,-10 -63,61,-11 -63,62,-11 -63,63,-11 -63,64,-11 -63,65,-11 -63,66,-11 -63,67,-11 -62,61,-12 -62,62,-12 -62,63,-12 -62,64,-12 -62,65,-12 -62,66,-12 -62,67,-12 -61,61,-13 -61,62,-13 -61,63,-13 -61,64,-13 -61,65,-13 -61,66,-13 -61,67,-13 -60,61,-14 -60,62,-14 -60,63,-14 -60,64,-14 -60,65,-14 -60,66,-14 -60,67,-14 -59,61,-15 -59,62,-15 -59,63,-15 -59,64,-15 -59,65,-15 -59,66,-15 -59,67,-15 -58,61,-15 -58,62,-15 -58,63,-15 -58,64,-15 -58,65,-15 -58,66,-15 -58,67,-15 -65,61,-9 -65,62,-9 -65,63,-9 -65,64,-9 -65,65,-9 -65,66,-9 -65,67,-9 -65,61,-10 -65,62,-10 -65,63,-10 -65,64,-10 -65,65,-10 -65,66,-10 -65,67,-10 -64,61,-11 -64,62,-11 -64,63,-11 -64,64,-11 -64,65,-11 -64,66,-11 -64,67,-11 -63,61,-12 -63,62,-12 -63,63,-12 -63,64,-12 -63,65,-12 -63,66,-12 -63,67,-12 -62,61,-13 -62,62,-13 -62,63,-13 -62,64,-13 -62,65,-13 -62,66,-13 -62,67,-13 -61,61,-14 -61,62,-14 -61,63,-14 -61,64,-14 -61,65,-14 -61,66,-14 -61,67,-14 -60,61,-15 -60,62,-15 -60,63,-15 -60,64,-15 -60,65,-15 -60,66,-15 -60,67,-15 -65,61,-11 -65,62,-11 -65,63,-11 -65,64,-11 -65,65,-11 -65,66,-11 -65,67,-11 -64,61,-12 -64,62,-12 -64,63,-12 -64,64,-12 -64,65,-12 -64,66,-12 -64,67,-12 -63,61,-13 -63,62,-13 -63,63,-13 -63,64,-13 -63,65,-13 -63,66,-13 -63,67,-13 -62,61,-14 -62,62,-14 -62,63,-14 -62,64,-14 -62,65,-14 -62,66,-14 -62,67,-14 -61,61,-15 -61,62,-15 -61,63,-15 -61,64,-15 -61,65,-15 -61,66,-15 -61,67,-15 -60,61,-16 -60,62,-16 -60,63,-16 -60,64,-16 -60,65,-16 -60,66,-16 -60,67,-16 -59,61,-16 -59,62,-16 -59,63,-16 -59,64,-16 -59,65,-16 -59,66,-16 -59,67,-16 -66,62,-10 -66,63,-10 -66,64,-10 -66,65,-10 -66,66,-10 -66,67,-10 -66,68,-10 -66,62,-11 -66,63,-11 -66,64,-11 -66,65,-11 -66,66,-11 -66,67,-11 -66,68,-11 -65,68,-11 -65,62,-12 -65,63,-12 -65,64,-12 -65,65,-12 -65,66,-12 -65,67,-12 -65,68,-12 -64,68,-12 -64,62,-13 -64,63,-13 -64,64,-13 -64,65,-13 -64,66,-13 -64,67,-13 -64,68,-13 -63,68,-13 -63,62,-14 -63,63,-14 -63,64,-14 -63,65,-14 -63,66,-14 -63,67,-14 -63,68,-14 -62,68,-14 -62,62,-15 -62,63,-15 -62,64,-15 -62,65,-15 -62,66,-15 -62,67,-15 -62,68,-15 -61,68,-15 -61,62,-16 -61,63,-16 -61,64,-16 -61,65,-16 -61,66,-16 -61,67,-16 -61,68,-16 -60,68,-16 -66,62,-12 -66,63,-12 -66,64,-12 -66,65,-12 -66,66,-12 -66,67,-12 -66,68,-12 -65,62,-13 -65,63,-13 -65,64,-13 -65,65,-13 -65,66,-13 -65,67,-13 -65,68,-13 -64,62,-14 -64,63,-14 -64,64,-14 -64,65,-14 -64,66,-14 -64,67,-14 -64,68,-14 -63,62,-15 -63,63,-15 -63,64,-15 -63,65,-15 -63,66,-15 -63,67,-15 -63,68,-15 -62,62,-16 -62,63,-16 -62,64,-16 -62,65,-16 -62,66,-16 -62,67,-16 -62,68,-16 -61,62,-17 -61,63,-17 -61,64,-17 -61,65,-17 -61,66,-17 -61,67,-17 -61,68,-17 -60,62,-17 -60,63,-17 -60,64,-17 -60,65,-17 -60,66,-17 -60,67,-17 -60,68,-17 -67,62,-11 -67,63,-11 -67,64,-11 -67,65,-11 -67,66,-11 -67,67,-11 -67,68,-11 -67,62,-12 -67,63,-12 -67,64,-12 -67,65,-12 -67,66,-12 -67,67,-12 -67,68,-12 -66,62,-13 -66,63,-13 -66,64,-13 -66,65,-13 -66,66,-13 -66,67,-13 -66,68,-13 -65,62,-14 -65,63,-14 -65,64,-14 -65,65,-14 -65,66,-14 -65,67,-14 -65,68,-14 -64,62,-15 -64,63,-15 -64,64,-15 -64,65,-15 -64,66,-15 -64,67,-15 -64,68,-15 -63,62,-16 -63,63,-16 -63,64,-16 -63,65,-16 -63,66,-16 -63,67,-16 -63,68,-16 -62,62,-17 -62,63,-17 -62,64,-17 -62,65,-17 -62,66,-17 -62,67,-17 -62,68,-17 -67,62,-13 -67,63,-13 -67,64,-13 -67,65,-13 -67,66,-13 -67,67,-13 -67,68,-13 -66,62,-14 -66,63,-14 -66,64,-14 -66,65,-14 -66,66,-14 -66,67,-14 -66,68,-14 -65,62,-15 -65,63,-15 -65,64,-15 -65,65,-15 -65,66,-15 -65,67,-15 -65,68,-15 -64,62,-16 -64,63,-16 -64,64,-16 -64,65,-16 -64,66,-16 -64,67,-16 -64,68,-16 -63,62,-17 -63,63,-17 -63,64,-17 -63,65,-17 -63,66,-17 -63,67,-17 -63,68,-17 -62,62,-18 -62,63,-18 -62,64,-18 -62,65,-18 -62,66,-18 -62,67,-18 -62,68,-18 -61,62,-18 -61,63,-18 -61,64,-18 -61,65,-18 -61,66,-18 -61,67,-18 -61,68,-18 -68,62,-12 -68,63,-12 -68,64,-12 -68,65,-12 -68,66,-12 -68,67,-12 -68,68,-12 -68,62,-13 -68,63,-13 -68,64,-13 -68,65,-13 -68,66,-13 -68,67,-13 -68,68,-13 -67,62,-14 -67,63,-14 -67,64,-14 -67,65,-14 -67,66,-14 -67,67,-14 -67,68,-14 -66,62,-15 -66,63,-15 -66,64,-15 -66,65,-15 -66,66,-15 -66,67,-15 -66,68,-15 -65,62,-16 -65,63,-16 -65,64,-16 -65,65,-16 -65,66,-16 -65,67,-16 -65,68,-16 -64,62,-17 -64,63,-17 -64,64,-17 -64,65,-17 -64,66,-17 -64,67,-17 -64,68,-17 -63,62,-18 -63,63,-18 -63,64,-18 -63,65,-18 -63,66,-18 -63,67,-18 -63,68,-18 -68,62,-14 -68,63,-14 -68,64,-14 -68,65,-14 -68,66,-14 -68,67,-14 -68,68,-14 -67,62,-15 -67,63,-15 -67,64,-15 -67,65,-15 -67,66,-15 -67,67,-15 -67,68,-15 -66,62,-16 -66,63,-16 -66,64,-16 -66,65,-16 -66,66,-16 -66,67,-16 -66,68,-16 -65,62,-17 -65,63,-17 -65,64,-17 -65,65,-17 -65,66,-17 -65,67,-17 -65,68,-17 -64,62,-18 -64,63,-18 -64,64,-18 -64,65,-18 -64,66,-18 -64,67,-18 -64,68,-18 -63,62,-19 -63,63,-19 -63,64,-19 -63,65,-19 -63,66,-19 -63,67,-19 -63,68,-19 -62,62,-19 -62,63,-19 -62,64,-19 -62,65,-19 -62,66,-19 -62,67,-19 -62,68,-19 -69,62,-13 -69,63,-13 -69,64,-13 -69,65,-13 -69,66,-13 -69,67,-13 -69,68,-13 -69,62,-14 -69,63,-14 -69,64,-14 -69,65,-14 -69,66,-14 -69,67,-14 -69,68,-14 -68,62,-15 -68,63,-15 -68,64,-15 -68,65,-15 -68,66,-15 -68,67,-15 -68,68,-15 -67,62,-16 -67,63,-16 -67,64,-16 -67,65,-16 -67,66,-16 -67,67,-16 -67,68,-16 -66,62,-17 -66,63,-17 -66,64,-17 -66,65,-17 -66,66,-17 -66,67,-17 -66,68,-17 -65,62,-18 -65,63,-18 -65,64,-18 -65,65,-18 -65,66,-18 -65,67,-18 -65,68,-18 -64,62,-19 -64,63,-19 -64,64,-19 -64,65,-19 -64,66,-19 -64,67,-19 -64,68,-19 -69,69,-14 -69,63,-15 -69,64,-15 -69,65,-15 -69,66,-15 -69,67,-15 -69,68,-15 -69,69,-15 -68,69,-15 -68,63,-16 -68,64,-16 -68,65,-16 -68,66,-16 -68,67,-16 -68,68,-16 -68,69,-16 -67,69,-16 -67,63,-17 -67,64,-17 -67,65,-17 -67,66,-17 -67,67,-17 -67,68,-17 -67,69,-17 -66,69,-17 -66,63,-18 -66,64,-18 -66,65,-18 -66,66,-18 -66,67,-18 -66,68,-18 -66,69,-18 -65,69,-18 -65,63,-19 -65,64,-19 -65,65,-19 -65,66,-19 -65,67,-19 -65,68,-19 -65,69,-19 -64,69,-19 -64,63,-20 -64,64,-20 -64,65,-20 -64,66,-20 -64,67,-20 -64,68,-20 -64,69,-20 -63,63,-20 -63,64,-20 -63,65,-20 -63,66,-20 -63,67,-20 -63,68,-20 -63,69,-20 -70,63,-14 -70,64,-14 -70,65,-14 -70,66,-14 -70,67,-14 -70,68,-14 -70,69,-14 -70,63,-15 -70,64,-15 -70,65,-15 -70,66,-15 -70,67,-15 -70,68,-15 -70,69,-15 -69,63,-16 -69,64,-16 -69,65,-16 -69,66,-16 -69,67,-16 -69,68,-16 -69,69,-16 -68,63,-17 -68,64,-17 -68,65,-17 -68,66,-17 -68,67,-17 -68,68,-17 -68,69,-17 -67,63,-18 -67,64,-18 -67,65,-18 -67,66,-18 -67,67,-18 -67,68,-18 -67,69,-18 -66,63,-19 -66,64,-19 -66,65,-19 -66,66,-19 -66,67,-19 -66,68,-19 -66,69,-19 -65,63,-20 -65,64,-20 -65,65,-20 -65,66,-20 -65,67,-20 -65,68,-20 -65,69,-20 -70,63,-16 -70,64,-16 -70,65,-16 -70,66,-16 -70,67,-16 -70,68,-16 -70,69,-16 -69,63,-17 -69,64,-17 -69,65,-17 -69,66,-17 -69,67,-17 -69,68,-17 -69,69,-17 -68,63,-18 -68,64,-18 -68,65,-18 -68,66,-18 -68,67,-18 -68,68,-18 -68,69,-18 -67,63,-19 -67,64,-19 -67,65,-19 -67,66,-19 -67,67,-19 -67,68,-19 -67,69,-19 -66,63,-20 -66,64,-20 -66,65,-20 -66,66,-20 -66,67,-20 -66,68,-20 -66,69,-20 -65,63,-21 -65,64,-21 -65,65,-21 -65,66,-21 -65,67,-21 -65,68,-21 -65,69,-21 -64,63,-21 -64,64,-21 -64,65,-21 -64,66,-21 -64,67,-21 -64,68,-21 -64,69,-21 -71,63,-15 -71,64,-15 -71,65,-15 -71,66,-15 -71,67,-15 -71,68,-15 -71,69,-15 -71,63,-16 -71,64,-16 -71,65,-16 -71,66,-16 -71,67,-16 -71,68,-16 -71,69,-16 -70,63,-17 -70,64,-17 -70,65,-17 -70,66,-17 -70,67,-17 -70,68,-17 -70,69,-17 -69,63,-18 -69,64,-18 -69,65,-18 -69,66,-18 -69,67,-18 -69,68,-18 -69,69,-18 -68,63,-19 -68,64,-19 -68,65,-19 -68,66,-19 -68,67,-19 -68,68,-19 -68,69,-19 -67,63,-20 -67,64,-20 -67,65,-20 -67,66,-20 -67,67,-20 -67,68,-20 -67,69,-20 -66,63,-21 -66,64,-21 -66,65,-21 -66,66,-21 -66,67,-21 -66,68,-21 -66,69,-21 -71,63,-17 -71,64,-17 -71,65,-17 -71,66,-17 -71,67,-17 -71,68,-17 -71,69,-17 -70,63,-18 -70,64,-18 -70,65,-18 -70,66,-18 -70,67,-18 -70,68,-18 -70,69,-18 -69,63,-19 -69,64,-19 -69,65,-19 -69,66,-19 -69,67,-19 -69,68,-19 -69,69,-19 -68,63,-20 -68,64,-20 -68,65,-20 -68,66,-20 -68,67,-20 -68,68,-20 -68,69,-20 -67,63,-21 -67,64,-21 -67,65,-21 -67,66,-21 -67,67,-21 -67,68,-21 -67,69,-21 -66,63,-22 -66,64,-22 -66,65,-22 -66,66,-22 -66,67,-22 -66,68,-22 -66,69,-22 -65,63,-22 -65,64,-22 -65,65,-22 -65,66,-22 -65,67,-22 -65,68,-22 -65,69,-22 -72,63,-16 -72,64,-16 -72,65,-16 -72,66,-16 -72,67,-16 -72,68,-16 -72,69,-16 -72,63,-17 -72,64,-17 -72,65,-17 -72,66,-17 -72,67,-17 -72,68,-17 -72,69,-17 -71,63,-18 -71,64,-18 -71,65,-18 -71,66,-18 -71,67,-18 -71,68,-18 -71,69,-18 -70,63,-19 -70,64,-19 -70,65,-19 -70,66,-19 -70,67,-19 -70,68,-19 -70,69,-19 -69,63,-20 -69,64,-20 -69,65,-20 -69,66,-20 -69,67,-20 -69,68,-20 -69,69,-20 -68,63,-21 -68,64,-21 -68,65,-21 -68,66,-21 -68,67,-21 -68,68,-21 -68,69,-21 -67,63,-22 -67,64,-22 -67,65,-22 -67,66,-22 -67,67,-22 -67,68,-22 -67,69,-22 -72,63,-18 -72,64,-18 -72,65,-18 -72,66,-18 -72,67,-18 -72,68,-18 -72,69,-18 -71,63,-19 -71,64,-19 -71,65,-19 -71,66,-19 -71,67,-19 -71,68,-19 -71,69,-19 -70,63,-20 -70,64,-20 -70,65,-20 -70,66,-20 -70,67,-20 -70,68,-20 -70,69,-20 -69,63,-21 -69,64,-21 -69,65,-21 -69,66,-21 -69,67,-21 -69,68,-21 -69,69,-21 -68,63,-22 -68,64,-22 -68,65,-22 -68,66,-22 -68,67,-22 -68,68,-22 -68,69,-22 -67,63,-23 -67,64,-23 -67,65,-23 -67,66,-23 -67,67,-23 -67,68,-23 -67,69,-23 -66,63,-23 -66,64,-23 -66,65,-23 -66,66,-23 -66,67,-23 -66,68,-23 -66,69,-23 -73,62,-17 -73,63,-17 -73,64,-17 -73,65,-17 -73,66,-17 -73,67,-17 -73,68,-17 -73,62,-18 -73,63,-18 -73,64,-18 -73,65,-18 -73,66,-18 -73,67,-18 -73,68,-18 -72,62,-18 -72,62,-19 -72,63,-19 -72,64,-19 -72,65,-19 -72,66,-19 -72,67,-19 -72,68,-19 -71,62,-19 -71,62,-20 -71,63,-20 -71,64,-20 -71,65,-20 -71,66,-20 -71,67,-20 -71,68,-20 -70,62,-20 -70,62,-21 -70,63,-21 -70,64,-21 -70,65,-21 -70,66,-21 -70,67,-21 -70,68,-21 -69,62,-21 -69,62,-22 -69,63,-22 -69,64,-22 -69,65,-22 -69,66,-22 -69,67,-22 -69,68,-22 -68,62,-22 -68,62,-23 -68,63,-23 -68,64,-23 -68,65,-23 -68,66,-23 -68,67,-23 -68,68,-23 -67,62,-23 -73,62,-19 -73,63,-19 -73,64,-19 -73,65,-19 -73,66,-19 -73,67,-19 -73,68,-19 -72,62,-20 -72,63,-20 -72,64,-20 -72,65,-20 -72,66,-20 -72,67,-20 -72,68,-20 -71,62,-21 -71,63,-21 -71,64,-21 -71,65,-21 -71,66,-21 -71,67,-21 -71,68,-21 -70,62,-22 -70,63,-22 -70,64,-22 -70,65,-22 -70,66,-22 -70,67,-22 -70,68,-22 -69,62,-23 -69,63,-23 -69,64,-23 -69,65,-23 -69,66,-23 -69,67,-23 -69,68,-23 -68,62,-24 -68,63,-24 -68,64,-24 -68,65,-24 -68,66,-24 -68,67,-24 -68,68,-24 -67,62,-24 -67,63,-24 -67,64,-24 -67,65,-24 -67,66,-24 -67,67,-24 -67,68,-24 -74,62,-18 -74,63,-18 -74,64,-18 -74,65,-18 -74,66,-18 -74,67,-18 -74,68,-18 -74,62,-19 -74,63,-19 -74,64,-19 -74,65,-19 -74,66,-19 -74,67,-19 -74,68,-19 -73,62,-20 -73,63,-20 -73,64,-20 -73,65,-20 -73,66,-20 -73,67,-20 -73,68,-20 -72,62,-21 -72,63,-21 -72,64,-21 -72,65,-21 -72,66,-21 -72,67,-21 -72,68,-21 -71,62,-22 -71,63,-22 -71,64,-22 -71,65,-22 -71,66,-22 -71,67,-22 -71,68,-22 -70,62,-23 -70,63,-23 -70,64,-23 -70,65,-23 -70,66,-23 -70,67,-23 -70,68,-23 -69,62,-24 -69,63,-24 -69,64,-24 -69,65,-24 -69,66,-24 -69,67,-24 -69,68,-24 -74,62,-20 -74,63,-20 -74,64,-20 -74,65,-20 -74,66,-20 -74,67,-20 -74,68,-20 -73,62,-21 -73,63,-21 -73,64,-21 -73,65,-21 -73,66,-21 -73,67,-21 -73,68,-21 -72,62,-22 -72,63,-22 -72,64,-22 -72,65,-22 -72,66,-22 -72,67,-22 -72,68,-22 -71,62,-23 -71,63,-23 -71,64,-23 -71,65,-23 -71,66,-23 -71,67,-23 -71,68,-23 -70,62,-24 -70,63,-24 -70,64,-24 -70,65,-24 -70,66,-24 -70,67,-24 -70,68,-24 -69,62,-25 -69,63,-25 -69,64,-25 -69,65,-25 -69,66,-25 -69,67,-25 -69,68,-25 -68,62,-25 -68,63,-25 -68,64,-25 -68,65,-25 -68,66,-25 -68,67,-25 -68,68,-25 -75,62,-19 -75,63,-19 -75,64,-19 -75,65,-19 -75,66,-19 -75,67,-19 -75,68,-19 -75,62,-20 -75,63,-20 -75,64,-20 -75,65,-20 -75,66,-20 -75,67,-20 -75,68,-20 -74,62,-21 -74,63,-21 -74,64,-21 -74,65,-21 -74,66,-21 -74,67,-21 -74,68,-21 -73,62,-22 -73,63,-22 -73,64,-22 -73,65,-22 -73,66,-22 -73,67,-22 -73,68,-22 -72,62,-23 -72,63,-23 -72,64,-23 -72,65,-23 -72,66,-23 -72,67,-23 -72,68,-23 -71,62,-24 -71,63,-24 -71,64,-24 -71,65,-24 -71,66,-24 -71,67,-24 -71,68,-24 -70,62,-25 -70,63,-25 -70,64,-25 -70,65,-25 -70,66,-25 -70,67,-25 -70,68,-25 -75,62,-21 -75,63,-21 -75,64,-21 -75,65,-21 -75,66,-21 -75,67,-21 -75,68,-21 -74,62,-22 -74,63,-22 -74,64,-22 -74,65,-22 -74,66,-22 -74,67,-22 -74,68,-22 -73,62,-23 -73,63,-23 -73,64,-23 -73,65,-23 -73,66,-23 -73,67,-23 -73,68,-23 -72,62,-24 -72,63,-24 -72,64,-24 -72,65,-24 -72,66,-24 -72,67,-24 -72,68,-24 -71,62,-25 -71,63,-25 -71,64,-25 -71,65,-25 -71,66,-25 -71,67,-25 -71,68,-25 -70,62,-26 -70,63,-26 -70,64,-26 -70,65,-26 -70,66,-26 -70,67,-26 -70,68,-26 -69,62,-26 -69,63,-26 -69,64,-26 -69,65,-26 -69,66,-26 -69,67,-26 -69,68,-26 -76,62,-20 -76,63,-20 -76,64,-20 -76,65,-20 -76,66,-20 -76,67,-20 -76,68,-20 -76,62,-21 -76,63,-21 -76,64,-21 -76,65,-21 -76,66,-21 -76,67,-21 -76,68,-21 -75,62,-22 -75,63,-22 -75,64,-22 -75,65,-22 -75,66,-22 -75,67,-22 -75,68,-22 -74,62,-23 -74,63,-23 -74,64,-23 -74,65,-23 -74,66,-23 -74,67,-23 -74,68,-23 -73,62,-24 -73,63,-24 -73,64,-24 -73,65,-24 -73,66,-24 -73,67,-24 -73,68,-24 -72,62,-25 -72,63,-25 -72,64,-25 -72,65,-25 -72,66,-25 -72,67,-25 -72,68,-25 -71,62,-26 -71,63,-26 -71,64,-26 -71,65,-26 -71,66,-26 -71,67,-26 -71,68,-26
0 -65,61,4 -65,62,4 -65,63,4 -65,64,4 -65,65,4 -65,66,4 -65,67,4 -65,68,4 -65,69,4 -65,61,5 -65,62,5 -65,63,5 -65,64,5 -65,65,5 -65,66,5 -65,67,5 -65,68,5 -65,69,5 -65,61,6 -65,62,6 -65,63,6 -65,64,6 -65,65,6 -65,66,6 -65,67,6 -65,68,6 -65,69,6 -65,61,7 -65,62,7 -65,63,7 -65,64,7 -65,65,7 -65,66,7 -65,67,7 -65,68,7 -65,69,7 -64,61,5 -64,62,5 -64,63,5 -64,64,5 -64,65,5 -64,66,5 -64,67,5 -64,68,5 -64,69,5 -64,61,6 -64,62,6 -64,63,6 -64,64,6 -64,65,6 -64,66,6 -64,67,6 -64,68,6 -64,69,6 -64,61,7 -64,62,7 -64,63,7 -64,64,7 -64,65,7 -64,66,7 -64,67,7 -64,68,7 -64,69,7 -64,61,8 -64,62,8 -64,63,8 -64,64,8 -64,65,8 -64,66,8 -64,67,8 -64,68,8 -64,69,8 -64,61,9 -64,62,9 -64,63,9 -64,64,9 -64,65,9 -64,66,9 -64,67,9 -64,68,9 -64,69,9 -63,61,-7 -63,62,-7 -63,63,-7 -63,64,-7 -63,65,-7 -63,66,-7 -63,67,-7 -63,68,-7 -63,69,-7 -63,61,6 -63,62,6 -63,63,6 -63,64,6 -63,65,6 -63,66,6 -63,67,6 -63,68,6 -63,69,6 -63,61,7 -63,62,7 -63,63,7 -63,64,7 -63,65,7 -63,66,7 -63,67,7 -63,68,7 -63,69,7 -63,61,8 -63,62,8 -63,63,8 -63,64,8 -63,65,8 -63,66,8 -63,67,8 -63,68,8 -63,69,8 -63,61,9 -63,62,9 -63,63,9 -63,64,9 -63,65,9 -63,66,9 -63,67,9 -63,68,9 -63,69,9 -63,61,10 -63,62,10 -63,63,10 -63,64,10 -63,65,10 -63,66,10 -63,67,10 -63,68,10 -63,69,10 -62,61,-8 -62,62,-8 -62,63,-8 -62,64,-8 -62,65,-8 -62,66,-8 -62,67,-8 -62,68,-8 -62,69,-8 -62,61,-7 -62,62,-7 -62,63,-7 -62,64,-7 -62,65,-7 -62,66,-7 -62,67,-7 -62,68,-7 -62,69,-7 -62,61,7 -62,62,7 -62,63,7 -62,64,7 -62,65,7 -62,66,7 -62,67,7 -62,68,7 -62,69,7 -62,61,8 -62,62,8 -62,63,8 -62,64,8 -62,65,8 -62,66,8 -62,67,8 -62,68,8 -62,69,8 -61,61,-8 -61,62,-8 -61,63,-8 -61,64,-8 -61,65,-8 -61,66,-8 -61,67,-8 -61,68,-8 -61,69,-8 -60,61,12 -60,62,12 -60,63,12 -60,64,12 -60,65,12 -60,66,12 -60,67,12 -60,68,12 -60,69,12 -60,61,13 -60,62,13 -60,63,13 -60,64,13 -60,65,13 -60,66,13 -60,67,13 -60,68,13 -60,69,13 -59,61,-11 -59,62,-11 -59,63,-11 -59,64,-11 -59,65,-11 -59,66,-11 -59,67,-11 -59,68,-11 -59,69,-11 -59,61,12 -59,62,12 -59,63,12 -59,64,12 -59,65,12 -59,66,12 -59,67,12 -59,68,12 -59,69,12 -59,61,13 -59,62,13 -59,63,13 -59,64,13 -59,65,13 -59,66,13 -59,67,13 -59,68,13 -59,69,13 -59,61,14 -59,62,14 -59,63,14 -59,64,14 -59,65,14 -59,66,14 -59,67,14 -59,68,14 -59,69,14 -58,68,-13 -58,69,-13 -58,61,-12 -58,62,-12 -58,63,-12 -58,64,-12 -58,65,-12 -58,66,-12 -58,67,-12 -58,68,-12 -58,69,-12 -58,61,-11 -58,62,-11 -58,63,-11 -58,64,-11 -58,65,-11 -58,66,-11 -58,67,-11 -58,68,-11 -58,69,-11 -58,61,12 -58,62,12 -58,63,12 -58,64,12 -58,65,12 -58,66,12 -58,67,12 -58,68,12 -58,69,12 -58,61,13 -58,62,13 -58,63,13 -58,64,13 -58,65,13 -58,66,13 -58,67,13 -58,68,13 -58,69,13 -58,61,14 -58,62,14 -58,63,14 -58,64,14 -58,65,14 -58,66,14 -58,67,14 -58,68,14 -58,69,14 -57,61,-15 -57,62,-15 -57,63,-15 -57,64,-15 -57,65,-15 -57,66,-15 -57,67,-15 -57,68,-15 -57,69,-15 -57,68,-14 -57,69,-14 -57,61,-13 -57,62,-13 -57,63,-13 -57,64,-13 -57,65,-13 -57,66,-13 -57,67,-13 -57,68,-13 -57,69,-13 -57,61,-12 -57,62,-12 -57,63,-12 -57,64,-12 -57,65,-12 -57,66,-12 -57,67,-12 -57,68,-12 -57,69,-12 -57,61,12 -57,62,12 -57,63,12 -57,64,12 -57,65,12 -57,66,12 -57,67,12 -57,68,12 -57,69,12 -57,61,13 -57,62,13 -57,63,13 -57,64,13 -57,65,13 -57,66,13 -57,67,13 -57,68,13 -57,69,13 -57,61,14 -57,62,14 -57,63,14 -57,64,14 -57,65,14 -57,66,14 -57,67,14 -57,68,14 -57,69,14 -57,61,15 -57,62,15 -57,63,15 -57,64,15 -57,65,15 -57,66,15 -57,67,15 -57,68,15 -57,69,15 -56,61,-15 -56,62,-15 -56,63,-15 -56,64,-15 -56,65,-15 -56,66,-15 -56,67,-15 -56,68,-15 -56,69,-15 -56,61,-14 -56,62,-14 -56,63,-14 -56,64,-14 -56,65,-14 -56,66,-14 -56,67,-14 -56,68,-14 -56,69,-14 -56,61,-13 -56,62,-13 -56,63,-13 -56,64,-13 -56,65,-13 -56,66,-13 -56,67,-13 -56,68,-13 -56,69,-13 -56,61,12 -56,62,12 -56,63,12 -56,64,12 -56,65,12 -56,66,12 -56,67,12 -56,68,12 -56,69,12 -56,61,13 -56,62,13 -56,63,13 -56,64,13 -56,65,13 -56,66,13 -56,67,13 -56,68,13 -56,69,13 -56,61,14 -56,62,14 -56,63,14 -56,64,14 -56,65,14 -56,66,14 -56,67,14 -56,68,14 -56,69,14 -56,61,15 -56,62,15 -56,63,15 -56,64,15 -56,65,15 -56,66,15 -56,67,15 -56,68,15 -56,69,15 -55,61,-15 -55,62,-15 -55,63,-15 -55,64,-15 -55,65,-15 -55,66,-15 -55,67,-15 -55,68,-15 -55,69,-15 -55,61,-14 -55,62,-14 -55,63,-14 -55,64,-14 -55,65,-14 -55,66,-14 -55,67,-14 -55,68,-14 -55,69,-14 -55,61,-13 -55,62,-13 -55,63,-13 -55,64,-13 -55,65,-13 -55,66,-13 -55,67,-13 -55,68,-13 -55,69,-13 -54,61,-15 -54,62,-15 -54,63,-15 -54,64,-15 -54,65,-15 -54,66,-15 -54,67,-15 -54,68,-15 -54,69,-15 -54,61,-14 -54,62,-14 -54,63,-14 -54,64,-14 -54,65,-14 -54,66,-14 -54,67,-14 -54,68,-14 -54,69,-14 -53,61,-16 -53,62,-16 -53,63,-16 -53,64,-16 -53,65,-16 -53,66,-16 -53,67,-16 -53,68,-16 -53,69,-16 -53,61,-15 -53,62,-15 -53,63,-15 -53,64,-15 -53,65,-15 -53,66,-15 -53,67,-15 -53,68,-15 -53,69,-15 -53,61,-14 -53,62,-14 -53,63,-14 -53,64,-14 -53,65,-14 -53,66,-14 -53,67,-14 -53,68,-14 -53,69,-14 -48,61,-16 -48,62,-16 -48,63,-16 -48,64,-16 -48,65,-16 -48,66,-16 -48,67,-16 -48,68,-16 -48,69,-16 -47,61,-16 -47,62,-16 -47,63,-16 -47,64,-16 -47,65,-16 -47,66,-16 -47,67,-16 -47,68,-16 -47,69,-16 -47,61,-15 -47,62,-15 -47,63,-15 -47,64,-15 -47,65,-15 -47,66,-15 -47,67,-15 -47,68,-15 -47,69,-15 -46,61,-15 -46,62,-15 -46,63,-15 -46,64,-15 -46,65,-15 -46,66,-15 -46,67,-15 -46,68,-15 -46,69,-15 -46,61,-14 -46,62,-14 -46,63,-14 -46,64,-14 -46,65,-14 -46,66,-14 -46,67,-14 -46,68,-14 -46,69,-14 -45,61,-15 -45,62,-15 -45,63,-15 -45,64,-15 -45,65,-15 -45,66,-15 -45,67,-15 -45,68,-15 -45,69,-15 -45,61,-14 -45,62,-14 -45,63,-14 -45,64,-14 -45,65,-14 -45,66,-14 -45,67,-14 -45,68,-14 -45,69,-14 -44,61,-15 -44,62,-15 -44,63,-15 -44,64,-15 -44,65,-15 -44,66,-15 -44,67,-15 -44,68,-15 -44,69,-15 -44,61,-14 -44,62,-14 -44,63,-14 -44,64,-14 -44,65,-14 -44,66,-14 -44,67,-14 -44,68,-14 -44,69,-14 -44,61,15 -44,62,15 -44,63,15 -44,64,15 -44,65,15 -44,66,15 -44,67,15 -44,68,15 -44,69,15 -43,61,-15 -43,62,-15 -43,63,-15 -43,64,-15 -43,65,-15 -43,66,-15 -43,67,-15 -43,68,-15 -43,69,-15 -43,61,-14 -43,62,-14 -43,63,-14 -43,64,-14 -43,65,-14 -43,66,-14 -43,67,-14 -43,68,-14 -43,69,-14 -43,61,-13 -43,62,-13 -43,63,-13 -43,64,-13 -43,65,-13 -43,66,-13 -43,67,-13 -43,68,-13 -43,69,-13 -43,61,14 -43,62,14 -43,63,14 -43,64,14 -43,65,14 -43,66,14 -43,67,14 -43,68,14 -43,69,14 -43,61,15 -43,62,15 -43,63,15 -43,64,15 -43,65,15 -43,66,15 -43,67,15 -43,68,15 -43,69,15 -42,61,-14 -42,62,-14 -42,63,-14 -42,64,-14 -42,65,-14 -42,66,-14 -42,67,-14 -42,68,-14 -42,69,-14 -42,61,-13 -42,62,-13 -42,63,-13 -42,64,-13 -42,65,-13 -42,66,-13 -42,67,-13 -42,68,-13 -42,69,-13 -42,61,14 -42,62,14 -42,63,14 -42,64,14 -42,65,14 -42,66,14 -42,67,14 -42,68,14 -42,69,14 -41,61,-13 -41,62,-13 -41,63,-13 -41,64,-13 -41,65,-13 -41,66,-13 -41,67,-13 -41,68,-13 -41,69,-13 -41,61,14 -41,62,14 -41,63,14 -41,64,14 -41,65,14 -41,66,14 -41,67,14 -41,68,14 -41,69,14 -38,61,-11 -38,62,-11 -38,63,-11 -38,64,-11 -38,65,-11 -38,66,-11 -38,67,-11 -38,68,-11 -38,69,-11 -38,61,-10 -38,62,-10 -38,63,-10 -38,64,-10 -38,65,-10 -38,66,-10 -38,67,-10 -38,68,-10 -38,69,-10 -38,61,-9 -38,62,-9 -38,63,-9 -38,64,-9 -38,65,-9 -38,66,-9 -38,67,-9 -38,68,-9 -38,69,-9 -38,61,-8 -38,62,-8 -38,63,-8 -38,64,-8 -38,65,-8 -38,66,-8 -38,67,-8 -38,68,-8 -38,69,-8 -37,61,-10 -37,62,-10 -37,63,-10 -37,64,-10 -37,65,-10 -37,66,-10 -37,67,-10 -37,68,-10 -37,69,-10 -37,61,-9 -37,62,-9 -37,63,-9 -37,64,-9 -37,65,-9 -37,66,-9 -37,67,-9 -37,68,-9 -37,69,-9 -37,61,-8 -37,62,-8 -37,63,-8 -37,64,-8 -37,65,-8 -37,66,-8 -37,67,-8 -37,68,-8 -37,69,-8 -37,61,-7 -37,62,-7 -37,63,-7 -37,64,-7 -37,65,-7 -37,66,-7 -37,67,-7 -37,68,-7 -37,69,-7 -37,61,7 -37,62,7 -37,63,7 -37,64,7 -37,65,7 -37,66,7 -37,67,7 -37,68,7 -37,69,7 -37,61,8 -37,62,8 -37,63,8 -37,64,8 -37,65,8 -37,66,8 -37,67,8 -37,68,8 -37,69,8 -37,61,9 -37,62,9 -37,63,9 -37,64,9 -37,65,9 -37,66,9 -37,67,9 -37,68,9 -37,69,9 -37,61,10 -37,62,10 -37,63,10 -37,64,10 -37,65,10 -37,66,10 -37,67,10 -37,68,10 -37,69,10 -36,61,-9 -36,62,-9 -36,63,-9 -36,64,-9 -36,65,-9 -36,66,-9 -36,67,-9 -36,68,-9 -36,69,-9 -36,61,-8 -36,62,-8 -36,63,-8 -36,64,-8 -36,65,-8 -36,66,-8 -36,67,-8 -36,68,-8 -36,69,-8 -36,61,-7 -36,62,-7 -36,63,-7 -36,64,-7 -36,65,-7 -36,66,-7 -36,67,-7 -36,68,-7 -36,69,-7 -36,61,-6 -36,62,-6 -36,63,-6 -36,64,-6 -36,65,-6 -36,66,-6 -36,67,-6 -36,68,-6 -36,69,-6 -36,61,-5 -36,62,-5 -36,63,-5 -36,64,-5 -36,65,-5 -36,66,-5 -36,67,-5 -36,68,-5 -36,69,-5 -36,61,7 -36,62,7 -36,63,7 -36,64,7 -36,65,7 -36,66,7 -36,67,7 -36,68,7 -36,69,7 -36,61,8 -36,62,8 -36,63,8 -36,64,8 -36,65,8 -36,66,8 -36,67,8 -36,68,8 -36,69,8 -36,61,9 -36,62,9 -36,63,9 -36,64,9 -36,65,9 -36,66,9 -36,67,9 -36,68,9 -36,69,9 -35,61,-7 -35,62,-7 -35,63,-7 -35,64,-7 -35,65,-7 -35,66,-7 -35,67,-7 -35,68,-7 -35,69,-7 -35,61,-6 -35,62,-6 -35,63,-6 -35,64,-6 -35,65,-6 -35,66,-6 -35,67,-6 -35,68,-6 -35,69,-6 -35,61,-5 -35,62,-5 -35,63,-5 -35,64,-5 -35,65,-5 -35,66,-5 -35,67,-5 -35,68,-5 -35,69,-5 -35,61,6 -35,62,6 -35,63,6 -35,64,6 -35,65,6 -35,66,6 -35,67,6 -35,68,6 -35,69,6 -35,61,7 -35,62,7 -35,63,7 -35,64,7 -35,65,7 -35,66,7 -35,67,7 -35,68,7 -35,69,7
